3
305
626
927
1229
1561
1862
2169
2471
2772
3073
3374
3675
3977
4278
4581
4883
5185
5486
5788
6089
6390
6690
6992
7293
7594
7895
8197
8498
8799
9103
9404
9706
10008
10309
10611
10911
11214
11514
11816
12117
12420
12721
13023
13324
13626
13927
14235
14536
14837
15139
15440
15744
16045
16347
16649
16952
17252
17554
17855
18156
18457
18759
19060
19362
19663
19987
20289
20589
20890
21191
21492
21794
22095
22396
22698
22998
23301
23602
23904
24206
24507
24808
25112
25414
25733
26034
26335
26637
26938
27240
27541
27843
28145
28446
28746
29047
29349
29651
29953
30255
30556
30858
31159
31460
31761
32062
32365
32666
32967
33269
33571
33873
34175
34475
34777
35078
35381
35685
35987
36290
36592
36893
37200
37504
37806
38107
38408
38709
39013
39314
39615
39927
40228
40529
40830
41155
41456
41757
42058
42358
42659
42960
43261
43562
43864
44165
44467
44768
45070
45370
45672
45973
46274
46575
46877
47178
47488
47789
48090
48391
48697
48998
49300
49601
49903
50206
50507
50809
51110
51412
51712
52015
52316
52638
52951
53253
53554
53855
54156
54458
54759
55062
55364
55665
55967
56268
56571
56872
57173
57474
57776
58077
58379
58681
58985
59286
59588
59889
60193
60494
60804
61105
61406
61707
62015
62316
62617
62918
63219
63520
63841
64142
64443
64744
