0
0
0
0
0
0
0
0
0
0
0
0
0
0
0
3.518308E-12
2.737038E-06
0.0001563261
0.02688831
0.1123226
0.2080884
0.05211182
0.1934027
0.2223464
0.2970009
0.1582454
0.2712404
0.2501045
0.2465642
0.2766201
0.2798325
0.3073793
0.3569085
0.36099
0.4355
0.4138815
0.3977033
0.420921
0.5292054
0.4501317
0.4773259
0.4978942
0.5523463
0.5330939
0.5831809
0.5966801
0.6015527
0.654206
0.6494664
0.6790549
0.6579778
0.67654
0.6585335
0.7089274
0.699981
0.7137309
0.7239659
0.7483941
0.7664542
0.7829043
0.7919338
0.8000934
0.8081952
0.8225852
0.8300098
0.8393416
0.8508053
0.8632659
0.886744
0.8942987
0.8980555
0.9303256
0.9373263
0.9483789
0.961967
0.9678555
0.9794924
0.9885374
1.007528
1.015318
1.035426
1.040494
1.065046
1.068426
1.084659
1.06858
1.04547
1.106651
1.097892
1.086912
1.067518
1.120714
1.117623
1.122748
1.129055
1.133679
1.14072
1.146261
1.153507
1.156838
1.151881
1.163636
1.178401
1.180744
1.165998
1.202214
1.204054
1.207852
1.206966
1.220766
1.21504
1.230618
1.236906
1.241909
1.249714
1.250666
1.269052
1.26426
1.273057
1.271315
1.286394
1.295713
1.293932
1.294417
1.307419
1.31102
1.315063
1.322322
1.330771
1.335364
1.337521
1.345065
1.353089
1.357756
1.358829
1.368408
1.377702
1.381071
1.386318
1.391162
1.400909
1.405082
1.411833
1.417974
1.425785
1.430539
1.43866
1.443042
1.449586
1.4551
1.462075
1.467165
1.474243
1.478161
1.487292
1.491546
1.499426
1.50772
1.512428
1.520113
1.524175
1.532379
1.536364
1.54444
1.548844
1.557065
1.560798
1.569422
1.573346
1.581953
1.586027
1.593919
1.598279
1.606464
1.614292
1.61865
1.626854
1.630774
1.639109
1.64325
1.651294
1.655665
1.663866
1.668092
1.676076
1.680202
1.688397
1.692502
1.70067
1.704766
1.713052
1.717209
1.725348
1.729465
1.737695
1.741785
1.750046
1.754147
1.762324
1.770523
1.774622
1.782861
1.786969
1.795163
1.799274
1.807519
1.811601
1.819804
1.823927
1.832135
1.836236
1.840325
1.848568
1.852629
1.860863
