0
0
0
0
0
0
0
0
0
0
0
0
0
0
3.371616E-12
1.042829E-08
0.0001529179
0.003057027
0.1113556
0.2298883
0.05301084
0.06070678
0.2221651
0.2762246
0.1592
0.1582019
0.2504263
0.2463989
0.276359
0.2796211
0.3072048
0.3566298
0.3609253
0.4352794
0.4141277
0.3974583
0.4207292
0.5292656
0.4506677
0.4770172
0.4978347
0.5519921
0.5334635
0.5827271
0.5912538
0.601451
0.6539535
0.6495504
0.6790393
0.65878
0.6977635
0.6890843
0.6744123
0.7030309
0.7187123
0.7216703
0.7150818
0.7793367
0.7750956
0.799238
0.8068219
0.8249158
0.8320749
0.8427218
0.8404961
0.8635381
0.8578739
0.8903817
0.9002854
0.9130704
0.9101615
0.9459466
0.9523215
0.9717471
0.9671674
1.000118
1.004038
1.01169
1.031595
1.032621
1.051473
1.059145
1.078813
1.08859
1.064763
1.046349
1.114242
1.106274
1.089332
1.075726
1.126978
1.103118
1.126261
1.137221
1.13515
1.152016
1.149291
1.149788
1.159984
1.151805
1.167802
1.184444
1.17437
1.169781
1.207007
1.208634
1.215286
1.211377
1.238062
1.218311
1.235878
1.241041
1.239339
1.25409
1.256567
1.273453
1.273533
1.274895
1.289973
1.299551
1.297673
1.307067
1.311594
1.318592
1.318886
1.329855
1.334697
1.341106
1.348859
1.35678
1.36128
1.367491
1.37198
1.38177
1.388782
1.390163
1.401444
1.404887
1.412485
1.415559
1.42573
1.429545
1.437156
1.442618
1.449598
1.453292
1.462674
1.465904
1.47467
1.481915
1.486572
1.495346
1.499475
1.507257
1.511489
1.52012
1.523789
1.532159
1.536118
1.544437
1.54819
1.556819
1.560807
1.56881
1.573169
1.58145
1.5857
1.593488
1.602052
1.605987
1.614153
1.618039
1.626441
1.630617
1.638876
1.642897
1.651216
1.655047
1.663386
1.66762
1.675774
1.679825
1.688078
1.696267
1.700467
1.708507
1.712699
1.720953
1.725035
1.733215
1.737418
1.74553
1.749656
1.757903
1.762014
1.770151
1.778376
1.782514
1.790723
1.794794
1.803027
1.807158
1.815352
1.819454
1.827681
1.831785
1.83999
1.84408
1.852322
1.856383
1.864616
1.872837
1.876947
1.88514
1.889256
1.89747
1.901586
1.909774
1.913885
1.92211
1.926208
1.93442
1.938519
1.946731
1.954938
1.959055
1.967264
1.971368
1.979581
1.983684
1.991899
1.996001
2.004211
2.008322
2.016532
2.020639
2.028848
2.032957
2.041165
2.049383
2.053485
2.061695
2.0658
2.074014
2.078119
2.086329
2.090433
2.098646
2.102752
2.110963
2.115068
2.123281
2.127387
2.135598
2.143809
2.147916
2.156125
2.160233
2.168444
2.172549
2.18076
2.184867
2.193078
2.197184
2.205395
2.209501
2.217712
2.221818
2.230029
2.234135
2.242347
2.246452
2.254664
2.25877
2.266981
2.271087
2.279298
2.28751
2.291615
2.299827
2.303933
2.312144
2.31625
2.324461
2.328567
2.336778
2.340884
2.349096
2.353201
2.361413
2.365519
2.37373
2.381941
2.386047
2.394258
2.398364
2.406575
2.410681
2.418893
2.422998
2.43121
2.435316
2.443527
2.447633
2.455844
2.45995
2.468161
2.472267
2.480479
2.484584
2.492796
2.501007
2.505113
2.513324
2.51743
2.525642
2.529747
2.537959
2.542064
2.550276
2.554382
2.562593
2.566699
2.57491
2.579016
2.587228
2.591333
2.599545
2.60365
2.611862
2.620073
2.624179
2.63239
2.636496
2.644708
2.648813
2.657025
2.66113
2.669342
2.673448
2.681659
2.685765
2.693976
2.702188
2.706294
2.714505
2.718611
2.726822
2.730928
2.739139
2.743245
2.751456
2.755562
2.763773
2.767879
2.776091
2.780196
2.788408
2.792514
2.800725
2.804831
2.813042
2.817148
2.825359
2.829465
2.837677
2.845888
2.849994
2.858205
2.862311
2.870522
2.874628
2.882839
2.886945
2.895157
2.899262
2.907474
2.91158
2.919791
2.923897
2.932108
2.936214
2.944425
2.952637
2.956743
2.964954
2.96906
2.977271
2.981377
2.989588
2.993694
3.001905
3.006011
3.014223
3.018328
3.02654
3.030646
3.038857
3.047068
3.051174
3.059385
3.063491
3.071703
3.075809
3.08402
3.088126
3.096337
3.100443
3.108654
3.11276
3.120971
3.125077
3.133289
3.137394
3.145606
3.153817
3.157923
3.166134
3.17024
3.178452
3.182557
3.190769
3.194875
3.203086
3.207191
3.215403
3.219509
3.22772
3.231826
3.240037
3.248249
3.252355
3.260566
3.264672
3.272883
3.276989
3.2852
3.289306
3.297518
3.301623
3.309834
3.313941
3.322152
3.326257
3.334469
3.338575
3.346786
3.350892
3.359103
3.367315
3.37142
3.379632
3.383738
3.391949
3.396055
3.404266
3.408372
3.416584
3.420689
3.4289
3.433006
3.441218
3.445323
3.453535
3.457641
3.465852
3.469958
3.478169
3.486381
3.490486
3.498698
3.502804
3.511015
3.515121
3.523332
3.527438
3.53565
3.539755
3.547966
3.552072
3.560284
3.564389
3.572601
3.576707
3.584918
3.589024
3.597235
3.601341
3.609552
3.617764
3.62187
3.630081
3.634187
3.642398
3.646504
3.654716
3.658821
3.667032
3.671138
3.67935
3.683455
3.691667
3.695773
3.703984
3.70809
3.716301
3.720407
3.728618
3.732724
3.740936
3.745041
3.753253
3.757359
3.76557
3.769675
3.773781
3.781993
3.781993
3.790204
3.79431
3.802521
3.806627
3.814838
3.818944
3.827156
3.831261
3.839473
3.843579
3.85179
3.85179
3.855896
3.860002
3.868213
3.872319
3.876424
3.884636
3.892847
3.896953
3.901059
3.90927
3.913376
3.917482
3.925693
3.929799
3.933904
3.942116
3.946222
3.954433
3.958539
3.96675
3.974962
3.979068
3.987279
3.991385
3.999596
4.007807
4.011913
4.020124
4.02423
4.032442
4.040653
4.044759
4.05297
4.057076
4.065288
4.073499
4.077605
4.085816
4.089922
4.098134
4.102239
4.11045
4.118662
4.122768
4.130979
4.135085
4.143296
4.151508
4.155613
4.163825
4.167931
4.176142
4.184354
4.188459
4.196671
4.200777
4.208988
4.217199
4.221305
4.229517
4.233622
4.241834
4.245939
4.254151
4.262362
4.266468
4.274679
4.278785
4.286997
4.291102
4.295208
4.299314
4.307525
4.311631
4.319842
4.323948
4.33216
4.340371
4.344477
4.348582
4.356794
4.360899
4.369111
4.373217
4.381428
4.38964
4.393745
4.401957
4.406063
4.414274
4.422485
4.426591
4.434803
4.438909
4.44712
4.451225
4.459437
4.467649
4.471754
4.479966
4.484071
4.492283
4.496388
4.5046
4.512811
4.516917
4.525128
4.529234
4.537446
4.545657
4.549763
4.557974
4.56208
4.570292
4.574397
4.582609
4.586715
4.594926
4.603137
4.607243
4.615454
4.61956
4.627772
4.635983
4.640089
4.6483
4.652406
4.660617
4.668829
4.672935
4.681146
4.685252
4.693463
4.697569
4.705781
4.709886
4.718098
4.722203
4.730415
4.73452
4.742732
4.746838
4.755049
4.759155
4.767366
4.771472
4.779683
4.783789
4.792
4.800212
4.804317
4.812529
4.816635
4.824846
4.828952
4.837163
4.841269
4.849481
4.853586
4.861798
4.865903
4.874115
4.878221
4.886432
4.890538
4.898749
4.902855
4.911066
4.915172
4.923384
4.927489
4.935701
4.943913
4.948018
4.956229
4.960335
4.968547
4.972652
4.980864
4.98497
4.993181
4.997286
5.005498
5.009604
5.017815
5.021921
5.030132
5.034238
5.04245
5.046556
5.054767
5.058873
5.067084
5.071189
5.079401
5.083507
5.091719
5.09993
5.104035
5.112247
5.116353
5.124564
5.12867
5.136881
5.140987
5.149198
5.153304
5.161515
5.165621
5.173833
5.177938
5.18615
5.190256
5.198467
5.202573
5.210784
5.21489
5.223102
5.227207
5.235419
5.239524
5.247736
5.255947
5.260053
5.268264
5.27237
5.280581
5.284687
5.292898
5.297005
5.305216
5.309321
5.317533
5.321639
5.32985
5.333956
5.342167
5.346273
5.354485
5.358591
5.366802
5.375013
5.379119
5.38733
5.391436
5.399647
5.403753
5.411964
5.41607
5.424282
5.428388
5.436599
5.440705
5.448916
5.453022
5.461233
5.465339
5.473551
5.477656
5.485868
5.489974
5.498185
5.502291
5.510502
5.514607
5.522819
5.526925
5.535136
5.539242
5.539242
5.543347
5.547453
5.551559
5.559771
5.563876
5.567982
5.572088
5.576193
5.576193
5.580299
5.584405
5.592616
5.596723
5.600828
5.609039
5.613145
5.617251
5.625462
5.629568
5.637779
5.645991
5.650096
5.658308
5.662414
5.670625
5.678837
5.682942
5.691154
5.69526
5.703471
5.707577
5.715788
5.724
5.728106
5.736317
5.740423
5.748634
5.752739
5.760951
5.765057
5.773268
5.781479
5.785585
5.793797
5.797902
5.806114
5.81022
5.818431
5.826643
5.830748
5.83896
5.843065
5.851277
5.855383
5.863594
5.871806
5.875911
5.884123
5.888228
5.89644
5.900546
5.908757
5.916968
5.921074
5.929286
5.933392
5.941603
5.945709
5.95392
5.962132
5.966237
5.974448
5.978555
5.986766
5.994977
5.999083
6.007295
6.0114
6.019611
6.023717
6.031929
6.04014
6.044246
6.052457
6.056563
6.064775
6.06888
6.077092
6.081197
6.089409
6.093514
6.09762
6.101726
6.109938
6.114043
6.122255
6.12636
6.134572
6.138678
6.146889
6.1551
6.159206
6.167418
6.171523
6.179734
6.183841
6.192052
6.196157
6.204369
6.208475
6.216686
6.220792
6.229004
6.233109
6.241321
6.245427
6.253638
6.257743
6.265955
6.270061
6.274166
6.282378
6.286483
6.294695
6.2988
6.302906
6.307012
6.311118
6.315224
6.323435
6.327541
6.331646
6.335752
6.339858
6.343964
6.352175
6.356281
6.356281
6.360387
6.364492
6.372704
6.37681
6.380915
6.389127
6.393232
6.401443
6.40555
6.413761
6.417866
6.426078
6.430183
6.438396
6.442501
6.450713
6.454818
6.463029
6.467135
6.475347
6.479452
6.487664
6.49177
6.499981
6.504087
6.512298
6.516404
6.516404
6.524615
6.528721
6.536932
6.541038
6.54925
6.553355
6.561567
6.565673
6.573884
6.57799
6.586201
6.590307
6.598518
6.602624
6.610836
6.619047
6.623153
6.631364
6.63547
6.643682
6.647787
6.655999
6.660104
6.668315
6.672421
6.680633
6.684738
6.69295
6.697056
6.705267
6.709373
6.717584
6.72169
6.729901
6.734007
6.742219
6.746325
6.754536
6.758642
6.766853
6.770959
6.77917
6.783276
6.791487
6.795593
6.803804
6.80791
6.816122
6.820228
6.828439
6.832545
6.840756
6.844862
6.853073
6.861284
6.865391
6.873602
6.877708
6.885919
6.890025
6.898236
6.902342
6.910553
6.914659
6.92287
6.926976
6.935187
6.939293
6.947505
6.951611
6.959822
6.963928
6.972139
6.976245
6.984456
6.988563
6.996774
7.000879
7.009091
7.017302
7.021408
7.029619
7.033725
7.041936
7.046042
7.054254
7.058359
7.06657
7.070677
7.078888
7.082994
7.091205
7.095311
7.103522
7.107628
7.11584
7.119946
7.128157
7.132263
7.140474
7.144579
7.152791
7.156897
7.161002
7.165108
7.169214
7.177425
7.181531
7.189742
7.193848
7.20206
7.206165
7.210271
7.214377
7.222588
7.226694
7.234905
7.239011
7.247223
7.251328
7.25954
7.263646
7.271857
7.275963
7.284174
7.28828
7.296491
7.300597
7.308808
7.312914
7.321126
7.325232
7.333443
7.341654
7.34576
7.353971
7.358077
7.366288
7.370395
7.378606
7.382711
7.390923
7.395029
7.40324
7.407346
7.415557
7.419663
7.427874
7.43198
7.440191
7.444297
7.452509
7.456614
7.464826
7.468932
7.477143
7.485354
7.48946
7.497672
7.501778
7.509989
7.514095
7.522306
7.526412
7.534623
7.538729
7.54694
7.551046
7.559258
7.563363
7.571574
7.575681
7.583892
7.587997
7.596209
7.600315
7.608526
7.612632
7.620843
7.624949
7.633161
7.637267
7.645478
7.649583
7.657795
7.661901
7.670112
7.674218
7.682429
7.686535
7.694746
7.698852
7.707064
7.715275
7.719381
7.727592
7.731698
7.739909
7.744015
7.752227
7.756332
7.764544
7.76865
7.776861
7.780967
7.789178
7.793283
7.801495
7.805601
7.813812
7.817918
7.826129
7.830235
7.838447
7.842552
7.850764
7.854869
7.863081
7.867187
7.875399
7.88361
7.887715
7.895927
7.900033
7.908244
7.91235
7.920561
7.924667
7.932878
7.936984
7.945195
7.949301
7.957513
7.961618
7.96983
7.973936
7.982147
7.986253
7.994464
7.998569
8.006782
8.010887
8.019098
8.023204
8.031415
8.039627
8.043733
8.051945
8.05605
8.064261
8.068367
8.076578
8.080685
8.088896
8.093001
8.101213
8.105318
8.11353
8.117636
8.125847
8.129953
8.138165
8.14227
8.150481
8.154587
8.162799
8.17101
8.175116
8.183328
8.187433
8.195644
8.19975
8.207962
8.212068
8.220279
8.224384
8.232595
8.236702
8.244913
8.249019
8.257231
8.261336
8.269547
8.273653
8.281864
8.285971
8.294182
8.298287
8.306499
8.310605
8.318816
8.322922
8.331133
8.335239
8.343451
8.347556
8.355768
8.359873
8.368085
8.37219
8.380402
8.384508
8.392719
8.396825
8.405036
8.413248
8.417354
8.425565
8.429671
8.437882
8.441988
8.450199
8.454305
8.462517
8.466622
8.474833
8.478939
8.48715
8.491257
8.499468
8.503573
8.511786
8.515891
8.524102
8.528208
8.536419
8.540525
8.548737
8.552842
8.561054
8.56516
8.573371
8.577477
8.585688
8.589794
8.598005
8.602111
8.610323
8.614428
8.62264
8.626745
8.634957
8.639063
8.647274
8.65138
8.655485
8.663696
8.667803
8.676014
8.68012
8.688332
8.692437
8.696543
8.700648
8.708859
8.712965
8.717072
8.721177
8.729389
8.733494
8.7376
8.741705
8.749917
8.754023
8.762235
8.76634
8.774551
8.778657
8.786868
8.790974
8.799186
8.803291
8.811503
8.815609
8.82382
8.827926
8.836137
8.840243
8.848454
8.856667
8.860771
8.868982
8.873089
8.8813
8.885406
8.893618
8.897723
8.901829
8.91004
8.914145
8.922358
8.926463
8.930569
8.938781
8.942886
