8
314
617
919
1252
1556
1856
2157
2459
2760
3062
3364
3718
4024
4325
4627
4928
5232
5533
5835
6138
6440
6741
7042
7343
7647
7948
8274
8575
8876
9177
9479
9782
10082
10394
10695
10996
11297
11600
11900
12201
12503
12813
13114
13416
13716
14017
14318
14619
14922
15223
15525
15825
16127
16429
16737
17038
17338
17641
17941
18243
18544
18846
19147
19449
19750
20052
20353
20655
20956
21256
21557
21860
22160
22466
22767
23077
23378
23680
23981
24283
24585
24886
25195
25496
25798
26099
26401
26702
27005
27306
27606
27908
28208
28509
28810
29111
29412
29714
30015
30317
30618
30954
31255
31557
31858
32159
32461
32763
33065
33366
33672
33973
34275
34576
34878
35179
35486
35790
36092
36392
36693
36994
37295
37596
37898
38199
38501
38802
39103
39404
39705
40007
40309
40628
40928
41230
41531
41833
42134
42435
42737
43038
43340
43641
43942
44244
44546
44848
45150
45451
45752
46054
46355
46657
46957
47258
47559
47861
48163
48465
48766
49068
49369
49673
49974
50276
50577
50881
51182
51483
51784
52085
52387
52690
52991
53292
53593
53894
54195
54496
54798
55098
55427
55728
56030
56331
56632
56933
57235
57546
57846
58147
58448
58750
59051
59374
59676
59976
60279
60580
60882
61183
61486
61786
62089
62390
62692
62993
63294
63595
63909
64209
64510
64812
65112
65418
65719
66025
66326
66627
66928
67230
67531
67835
68137
68438
68739
69042
69344
69645
69946
70247
70549
70851
71152
71453
71755
72055
72364
72665
72977
73277
73579
73880
74182
74484
74785
75087
75388
75690
75990
76292
76593
76901
77202
77503
77808
78109
78411
78712
79031
79335
79636
79939
80242
80543
80846
81146
81448
81749
82050
82350
82652
82952
83260
83561
83862
84164
84464
84766
85067
85368
85674
85976
86277
86579
86880
87181
87482
87783
88084
88397
88697
88998
89299
89603
89906
90207
90507
90808
91112
91414
91717
92018
92328
92629
92931
93241
93543
93843
94148
94448
94749
95050
95351
95652
95953
96254
96556
96859
97161
97463
97764
98066
98367
98668
98970
99276
99577
99895
100196
100497
100798
101100
101401
101702
102003
102304
102628
102929
103230
103531
103833
104135
104436
104736
105050
105350
105651
105952
106253
106555
106856
107158
107459
107761
108061
108363
108664
108966
109267
109569
109871
110173
110474
110775
111076
111377
111679
111981
112283
112584
112885
113186
113488
113789
114090
114391
114693
114994
115295
115596
115926
116227
116528
116830
117131
117432
117734
118045
118347
118648
118949
119250
119551
119852
120153
120467
120769
121070
121372
121672
121973
122274
122575
122877
123179
123480
123781
124082
124384
124685
124986
125288
125612
125913
126215
126517
126817
127118
127420
127722
128023
128326
128626
128928
129228
129531
129832
130134
130435
130736
131038
131339
131640
131942
132243
132544
132846
133147
133448
133749
134051
134352
134653
134953
135255
135557
135863
136163
136465
136766
137067
137369
137670
137971
138272
138573
138874
139175
139476
139778
140079
140380
140682
140983
141284
141587
141888
142189
142490
142792
143093
143395
143695
143997
144298
144599
144901
145202
145503
145804
146106
146406
146707
147008
147310
147611
147913
148213
148524
148825
149126
149427
149728
150029
150330
150633
150934
151236
151536
151839
152140
152441
152742
153045
153346
153647
153948
154249
154551
154858
155198
155500
155802
156119
156421
156722
157027
157329
157630
157931
158232
158533
158835
159152
159453
159759
160061
160362
160664
160965
161266
161567
161868
162169
162471
162773
163074
163376
163677
163978
164279
164580
164881
165183
165483
165786
166086
166390
166692
166993
167295
167596
167913
168214
168516
168818
169119
169420
169721
170022
170324
170625
170926
171228
171529
171832
172133
172434
172735
173036
173337
173638
173941
174242
174548
174850
175151
175463
175763
176078
176380
176681
176983
177284
177601
177902
178203
178505
178806
179107
179408
179709
180011
180312
180613
180914
181216
181517
181819
182119
182424
182725
183042
183343
183645
183947
184247
184551
184852
185153
185454
185755
186061
186362
186663
186964
187265
187566
187867
188168
188469
188771
189072
189373
189692
189994
190295
190597
190898
191199
191501
191802
192104
192405
192708
193009
193310
193611
193912
194213
194514
194816
195116
195418
195719
196027
196329
196630
196931
197232
197548
197850
198151
198453
198754
199094
199396
199708
200010
200324
200627
200927
201228
201530
201831
202131
202434
202735
203040
203342
203643
203944
204246
204547
204853
205154
205455
205756
206057
206358
206659
206960
207261
207562
207865
208166
208466
208768
209069
209375
209676
209978
210278
210579
210880
211181
211482
211783
212084
212391
212692
212997
213298
213607
213908
214209
214511
214812
215113
215415
215717
216018
216319
216620
216922
217223
217525
217826
218127
218428
218729
219030
219332
219633
219949
220251
220553
220854
221156
221457
221758
222059
222360
222662
222964
223265
223568
223870
224171
224472
224773
225075
225376
225677
225978
226279
226580
226883
227184
227497
227798
228099
228400
228701
229003
229305
229606
229908
230209
230511
230812
231113
231415
231716
232017
232318
232619
232920
233234
233535
233843
234144
234445
234746
235048
235348
235649
235951
236252
236553
236855
237156
237457
237759
238059
238360
238661
238962
239264
239565
239866
240168
240469
240777
241090
241394
241695
241997
242298
242600
242901
243202
243503
243812
244113
244416
244717
245018
245322
245623
245924
246227
246528
246830
247131
247434
247735
248037
248339
248640
248940
249241
249550
249851
250152
250455
250756
251057
251358
251659
251961
252262
252564
252866
253173
253474
253775
254077
254378
254680
254981
255282
255583
255885
256186
256487
256789
257091
257396
257697
257999
258299
258602
258903
259204
259505
259806
260112
260413
260730
261031
261332
261634
261935
262237
262538
262840
263141
263442
263744
264045
264351
264651
264952
265252
265553
265855
266156
266464
266765
267066
267368
267668
267969
268270
268575
268876
269178
269482
269784
270085
270390
270691
270992
271293
271595
271897
272200
272501
272803
273104
273407
273708
274022
274323
274624
274925
275228
275529
275830
276131
276432
276733
277034
277337
277639
277942
278245
278546
278847
279158
279460
279761
280062
280363
280664
280984
281286
281586
281889
282196
282498
282799
283100
283400
283702
284003
284306
284607
284924
285225
285526
285827
286129
286431
286733
287035
287341
287642
287943
288246
288548
288850
289151
289452
289753
290055
290357
290658
290961
291263
291566
291867
292169
292470
292771
293096
293397
293699
294000
294303
294603
294910
295210
295511
295813
296115
296415
296727
297028
297329
297630
297932
298232
298534
298835
299138
299439
299740
300041
300341
300643
300945
301248
301549
301850
302151
302453
302755
303057
303358
303660
303960
304262
304563
304865
305165
305467
305768
306070
306371
306680
306981
307282
307584
307887
308188
308493
308794
309096
309397
309698
309999
310339
310642
310943
311243
311545
311847
312148
312450
312752
313060
313361
313663
313963
314265
314566
314867
315168
315469
315772
316078
316379
316699
317000
317301
317602
317903
318204
318505
318806
319107
319408
319709
320011
320312
320615
320916
321217
321518
321820
322121
322422
322749
323049
323351
323660
323965
324276
324577
324928
325229
325537
325838
326143
326444
326746
327048
327349
327651
327953
328254
328555
328858
329159
329462
329763
330064
330365
330666
330967
331268
331569
331871
332171
332490
332791
333093
333394
333694
333996
334297
334599
334900
335201
335502
335802
336103
336405
336706
337007
337309
337612
337913
338215
338515
338817
339118
339420
339721
340023
340324
340625
340926
341228
341529
341830
342131
342432
342733
343034
343335
343636
343937
344248
344549
344850
345152
345452
345754
346056
346357
346657
346959
347260
347562
347863
348164
348465
348766
349067
349369
349670
349971
350272
350577
350878
351180
351480
351782
352082
352384
352685
352986
353287
353589
353890
354191
354492
354793
355095
355396
355698
355998
356300
356601
356902
357203
357505
357807
358109
358411
358714
359015
359316
359617
359917
360218
360527
360829
361130
361430
361732
362033
362334
362637
362939
363242
363543
363845
364146
364447
364748
365050
365351
365662
365967
366273
366574
366875
367177
367478
367779
368079
368381
368682
368983
369284
369586
369888
370190
370490
370792
371093
371394
371695
371996
372297
372607
372908
373210
373511
373815
374116
374418
374719
375020
375321
375622
375924
376226
376527
376828
377129
377430
377731
378032
378334
378635
378937
379238
379539
379840
380142
380444
380745
381046
381349
381650
381955
382256
382557
382859
383160
383463
383765
384066
384372
384673
384985
385286
385587
385888
386189
386491
386793
387093
387395
387696
387998
388300
388601
388904
389205
389506
389807
390108
390410
390711
391012
391313
391614
391915
392225
392526
392827
393127
393430
393732
394032
394334
394635
394937
395238
395543
395849
396150
396452
396753
397055
397356
397658
397959
398260
398561
398863
399165
399465
399766
400068
400370
400671
400973
401274
401575
401876
402177
402478
402779
403080
403381
403683
403984
404286
404588
404889
405190
405492
405793
406095
406396
406703
407004
407305
407606
407909
408210
408512
408813
409115
409416
409717
410019
410320
410622
410923
411224
