11
214
420
628
873
1251
1731
2105
2544
2856
3124
3351
3611
3843
4103
4364
4568
4792
5128
5355
5581
5823
6044
6249
6453
6660
6867
7074
7279
7484
7694
7899
8107
8334
8541
8747
8954
9156
9363
9568
9773
9978
10183
10401
10608
10812
11017
11226
11432
11636
11842
12048
12252
12459
12668
12872
13079
13283
13488
13694
13899
14103
14309
14515
14723
14926
15132
15348
15558
15764
15971
16178
16406
16613
16818
17027
17233
17442
17647
17851
18057
18260
18465
18670
18879
19083
19288
19493
19699
19907
20113
20322
20528
20733
20943
21147
21352
21565
21769
21990
22195
22407
22612
22817
23022
23226
23436
23640
23846
24052
24256
24467
24672
24876
25082
25287
25497
25702
25910
26118
26329
26535
26741
26966
27171
27376
27580
27786
27992
28221
28430
28645
28851
29058
29261
29468
29683
29887
30092
30298
30503
30708
30912
31116
31320
31526
31733
31946
32152
32362
32574
32778
32983
33192
33398
33610
33818
34024
34232
34442
34645
34849
35056
35263
35469
35674
35879
36082
36288
36499
36730
36936
37143
37348
37555
37760
37965
38169
38376
38581
38785
38989
39208
39419
39624
39829
40039
40243
40447
40662
40867
41071
41280
41485
41694
41900
42109
42323
42528
42733
42939
43152
43359
43565
43769
43981
44196
44401
44611
44823
45028
45231
45437
45641
45852
46056
46266
46476
46680
46886
47110
47316
47521
47731
47938
48144
48349
48556
48768
48972
49182
49385
49616
49824
50029
50232
50445
50649
50858
51064
51271
51513
51717
51922
52139
52345
52557
52763
52991
53196
53405
53613
53822
54027
54234
54456
54673
54877
55084
55296
55501
55707
55912
56117
56322
56528
56734
56943
57153
57358
57563
57769
57978
58183
58396
58607
58813
59018
59225
59434
59639
59845
60052
60257
60461
60665
60871
61077
61282
61486
61708
61917
62122
62330
62538
62744
62951
63158
63364
63569
63776
64003
64212
64417
64623
64829
65034
65238
65444
65661
65869
66075
66283
66486
66693
66897
67103
67323
67529
67734
67957
68164
68369
68589
68798
69005
69210
69414
69625
69830
70038
70242
70446
70650
70858
71063
71268
71481
71686
71892
72097
72302
72507
72712
72918
73127
73330
73537
73744
73949
74153
74358
74565
74774
74985
75189
75393
75601
75811
76016
76224
76429
76633
76840
77045
77255
77460
77663
77868
78080
78288
78492
78698
78903
79107
79313
79517
79725
79928
80133
80337
80541
80746
80961
81166
81371
81581
81791
81998
82202
82408
82615
82821
83030
83235
83441
83648
83856
84061
84266
84472
84680
84892
85096
85300
85505
85710
85953
86170
86375
86590
86795
87001
87211
87416
87622
87830
88038
88245
88450
88657
88862
89086
89291
89495
89702
89908
90113
90319
90523
90729
90934
91141
91345
91548
91759
92001
92205
92411
92616
92821
93035
93243
93447
93660
93865
94076
94293
94500
94705
94909
95114
95318
95523
95735
95941
96148
96354
96558
96764
96971
97179
97382
97587
97791
97995
98199
98409
98611
98817
99025
99235
99441
99645
99856
100064
100271
100479
100683
100889
101102
101307
101514
101721
101926
102131
102337
102542
102750
102956
103160
103365
103569
103776
103981
104186
104392
104597
104803
105012
105217
105420
105624
105827
106033
106239
106444
106654
106860
107063
107268
107473
107678
107882
108097
108310
108514
108721
108927
109157
109361
109566
109771
109976
110181
110386
110600
110809
111013
111217
111435
111644
111849
112060
112265
112469
112677
112908
113114
113319
113526
113731
113935
114140
114346
114555
114761
114966
115171
115383
115587
115793
115999
116209
116413
116617
116823
117028
117252
117457
117663
117875
118083
118289
118496
118702
118911
119116
119323
119529
119732
119939
120152
120364
120573
120777
120983
121196
121413
121622
121827
122032
122237
122442
122645
122850
123056
123261
123466
123670
123878
124083
124287
124499
124707
124912
125124
125329
125535
125741
125947
126153
126359
126565
126772
126983
127189
127393
127597
127802
128008
128213
128416
128642
128861
129086
129304
129513
129748
129954
130160
130371
130577
130782
130987
131192
131398
131602
131820
132029
132234
132442
132646
132853
133076
133296
133501
133707
133912
134115
134321
134532
134739
134958
135162
135368
135575
135779
135988
136203
136409
136623
136828
137032
137239
137460
137664
137872
138077
138287
138493
138697
138903
139117
139323
139527
139733
139939
140143
140348
140627
140837
141064
141274
141485
141700
141932
142147
142377
142581
142810
143026
143233
143444
143694
143906
144117
144328
144536
144744
144949
145167
145374
145612
145840
146048
146275
146503
146725
146954
147165
147423
147643
147917
148125
148361
148566
148770
148993
149253
149518
149792
150013
150223
150441
150664
150917
151133
151340
151560
151790
151995
152202
152418
152632
152837
153044
153249
153459
153664
153868
154094
154299
154507
154711
154914
155119
155326
155532
155736
155944
156148
156356
156568
156778
156981
157187
157393
157599
157804
158008
158215
158440
158645
158850
159058
159279
159492
159719
159927
160147
160362
160566
160774
160978
161184
161388
161593
161797
162000
162207
162411
162614
162819
163026
163233
163442
163646
163850
164056
164261
164466
164672
164879
165088
165295
165499
165703
165913
166123
166329
166532
166737
166943
167147
167358
167573
167777
167981
168185
168392
168596
168803
169011
169218
169422
169626
169844
170049
170258
170464
170676
170879
171086
171295
171501
171719
171929
172135
172348
172551
172757
172961
173166
173390
173597
173800
174011
174216
174422
174627
174833
175038
175246
175452
175659
175863
176072
176282
176487
176697
176912
177118
177328
177536
177743
177950
178157
178369
178574
178781
178985
179189
179395
179599
179803
180010
180216
180426
180633
180840
181046
181259
181466
181670
181893
182099
182304
182508
182715
182919
183126
183331
183536
183744
183951
184192
184396
184605
184811
185019
185225
185429
185634
185838
186048
186252
186464
186668
186874
187081
187289
187495
187700
187905
188111
188332
188535
188742
188953
189159
189362
189580
189795
190005
190210
190483
190698
190948
191152
191359
191562
191767
191974
192179
192397
192607
192814
193018
193223
193427
193633
193842
194045
194249
194453
194667
194872
195077
195290
195496
195705
195923
196137
196344
196555
196759
196965
197171
197375
197580
197786
197996
198205
198410
198615
198819
199041
199247
199454
199660
199867
200077
200284
200496
200701
200910
201115
201326
201531
201736
201942
202145
202351
202560
202764
202969
203182
203391
203595
203800
204005
204209
204417
204624
204832
205037
205242
205452
205658
205862
206067
206276
206483
206686
206892
207105
207312
207517
207726
207936
208147
208356
208561
208767
208977
209183
209387
209596
209811
210021
210226
210435
210641
210844
211047
211258
211464
211675
211879
212124
212328
212533
212738
212944
213153
213377
213581
213790
213994
214199
214404
214608
214817
215035
215246
215451
215656
215860
216065
216271
216484
216691
216899
217105
217310
217514
217718
217926
218145
218349
218554
218761
218965
219170
219386
219594
219810
220016
220224
220434
220643
220848
221054
221264
221469
221675
221878
222082
222291
222496
222700
222905
223118
223323
223529
223733
223938
224147
224353
224560
224772
224977
225180
225386
225594
225800
226003
226219
226440
226645
226850
227058
227266
227473
227686
227901
228110
228317
228522
228729
228939
229149
229354
229570
229790
230001
230210
230419
230628
230835
231046
231250
231457
231671
231876
232082
232286
232493
232705
232928
233133
233340
233550
233754
233960
234163
234367
234572
234777
234993
235207
235412
235616
235844
236052
236256
236485
236696
236901
237108
237311
237559
237763
237969
238175
238380
238586
238791
239021
239226
239431
239635
239842
