28
259
471
692
898
1111
1364
1626
1874
2129
2333
2546
2755
2972
3178
3385
3593
3796
4145
4354
4560
4769
4973
5178
5383
5589
5794
6001
6206
6411
6616
6820
7025
7247
7461
7670
7875
8099
8321
8528
8734
8939
9150
9358
9563
9770
9977
10183
10386
10596
10810
11014
11219
11425
11631
11836
12041
12249
12454
12659
12862
13071
13283
13487
13692
13898
14105
14311
14522
14727
14932
15152
15356
15561
15767
15984
16192
16395
16602
16807
17012
17219
17423
17628
17833
18041
18245
18453
18658
18862
19069
19274
19482
19686
19892
20097
20309
20517
20723
20928
21138
21347
21551
21757
21964
22169
22373
22578
22791
22997
23201
23406
23613
23820
24026
24232
24445
24651
24855
25060
25270
25476
25686
25893
26098
26310
26518
26727
26934
27138
27343
27552
27760
27978
28183
28390
28594
28797
29006
29211
29419
29623
29826
30033
30238
30444
30676
30881
31085
31291
31501
31706
31916
32120
32325
32533
32736
32941
33153
33356
33560
33767
33971
34178
34388
34591
34795
35004
35210
35422
35629
35834
36039
36258
36462
36680
36887
37093
37298
37502
37710
37917
38121
38326
38532
38745
38951
39171
39377
39583
39787
39995
40234
40439
40643
40853
41059
41265
41471
41676
41886
42091
42296
42508
42711
42923
43129
43336
43540
43746
43958
44162
44367
44572
44779
44988
45193
45397
45609
45819
46023
46228
46438
46643
46850
47054
47259
47464
47670
47875
48080
48285
48490
48708
48915
49125
49328
49535
49740
49946
50156
50363
50572
50776
50983
51193
51403
51611
51827
52060
52265
52470
52673
52887
53091
53296
53504
53709
53915
54124
54331
54538
54749
54953
55157
55376
55582
55788
55991
56198
56421
56626
56835
57045
57254
57488
57691
57896
58109
58320
58525
58743
58955
59162
59372
59579
59787
59993
60202
60407
60612
60818
61045
61251
61455
61660
61869
62074
62279
62487
62694
62899
63103
63309
63513
63720
63926
64133
64335
64541
64745
64954
65158
65361
65567
65771
65976
66179
66385
66589
66793
66999
67203
67408
67613
67828
68035
68239
68445
68651
68858
69062
69274
69482
69689
69893
70099
70307
70511
70721
70926
71133
71340
71546
71752
71957
72170
72374
72581
72786
72992
73199
73405
73609
73821
74029
74251
74458
74691
74897
75103
75309
75513
75721
75926
76133
76338
76542
76745
76957
77160
77367
77571
77775
77982
78186
78391
78599
78804
79011
79234
79444
79648
79855
80060
80267
80473
80676
80888
81093
81300
81505
81717
81921
82132
82337
82540
82746
82954
83161
83379
83586
83791
83999
84203
84408
84613
84822
85037
85251
85456
85687
85905
86129
86334
86538
86747
86969
87180
87386
87601
87809
88013
88219
88424
88644
88849
89054
89258
89462
89668
89875
90080
90294
90499
90703
90908
91113
91323
91529
91738
91944
92149
92356
92562
92771
92976
93182
93386
93591
93796
94010
94215
94419
94623
94828
95038
95246
95453
95659
95864
96070
96275
96479
96687
96894
97106
97310
97515
97721
97927
98135
98342
98551
98755
98961
99176
99395
99600
99811
100019
100238
100442
100646
100854
101061
101267
101471
101675
101891
102098
102304
102507
102712
102919
103131
103345
103551
103758
103963
104167
104393
104596
104801
105007
105216
105422
105625
105830
106040
106246
106451
106657
106863
107071
107275
107480
107687
107893
108106
108309
108514
108721
108928
109132
109337
109542
109746
109959
110163
110371
110576
110782
110988
111193
111396
111599
111803
112012
112232
112434
112640
112844
113050
113255
113459
113667
113872
114078
114284
114495
114701
114910
115122
115328
115535
115740
115950
116154
116359
116564
116778
116995
117207
117412
117623
117834
118038
118242
118447
118654
118859
119063
119267
119476
119681
119889
120092
120295
120503
120707
120912
121123
121327
121534
121739
121943
122148
122358
122571
122785
123141
123353
123569
123774
123978
124186
124394
124605
124901
125172
125379
125588
125804
126020
126244
126455
126661
126870
127074
127278
127483
127689
127905
128112
128321
128526
128731
128935
129140
129349
129555
129759
129968
130171
130377
130580
130784
130992
131207
131411
131618
131830
132037
132241
132446
132652
132856
133061
133273
133479
133684
133889
134103
134307
134516
134725
134930
135137
135340
135545
135755
135959
136163
136369
136575
136780
136984
137192
137402
137607
137812
138021
138227
138431
138636
138841
139047
139255
139459
139665
139877
140082
140287
140496
140706
140913
141130
141335
141542
141746
141954
142159
142365
142572
142777
142981
143189
143394
143603
143806
144010
144216
144428
144635
144840
145044
145257
145462
145677
145883
146090
146298
146504
146739
146943
147147
147352
147567
147772
147975
148183
148394
148600
148810
149018
149223
149429
149634
149839
150042
150247
150451
150657
150864
151070
151277
151483
151691
151894
152100
152307
152521
152727
152935
153139
153354
153561
153770
153976
154202
154407
154612
154825
155036
155242
155448
155652
155859
156068
156273
156479
156687
156891
157096
157302
157506
157723
157927
158133
158337
158549
158754
158958
159162
159369
159573
159778
159986
160192
160398
160603
160808
161013
161219
161424
161634
161837
162041
162246
162454
162659
162863
163070
163276
163481
163694
163903
164109
164318
164522
164727
164938
165142
165351
165556
165758
165964
166178
166387
166591
166795
167001
167208
167417
167621
167824
168032
168241
168454
168657
168863
169076
169280
169490
169694
169901
170108
170313
170520
170725
170928
171134
171339
171545
171760
171964
172174
172383
172591
172794
172999
173206
173411
173615
173819
174023
174245
174452
174658
174861
175067
175275
175479
175687
175900
176105
176309
176517
176722
176937
177141
177345
177554
177758
177971
178178
178388
178592
178796
179033
179237
179442
179647
179856
180061
180267
180474
180685
180891
181094
181301
181513
181719
181929
182141
182346
182552
182777
182996
183203
183408
183613
183820
184023
184229
184434
184641
184848
185076
185282
185491
185695
185899
186104
186314
186522
186731
186944
187151
187357
187566
187783
187987
188192
188396
188602
188809
189014
189225
189434
189639
189845
190051
190258
190469
190674
190880
191087
191293
191498
191702
191908
192118
192323
192528
192737
192942
193150
193354
193561
193767
193972
194178
194389
194593
194800
195005
195210
195423
195627
195836
196051
196255
196460
196677
196890
197096
197304
197517
197722
197928
198136
198341
198546
198754
198961
199182
199386
199590
199801
200032
200235
200440
200654
200866
201070
201276
201480
201688
201892
202098
202306
202518
202725
202928
203133
203346
203554
203761
203979
204184
204390
204594
204812
205017
205221
205426
205632
205843
206049
206254
206458
206670
206873
207088
207298
207516
207721
207927
208132
208340
208544
208748
208958
209163
209369
209573
209777
209984
210196
210403
210611
210815
211018
211226
211447
211652
211856
212072
212277
212484
212689
212895
213101
213307
213511
213730
213934
214140
214346
214550
214755
214962
215174
215382
215587
215791
216007
216217
216421
216626
216832
217035
217243
217447
217652
217856
218061
218270
218476
218689
218903
219111
219320
219527
219744
219953
220160
220397
220603
220807
221012
221216
221422
221628
221833
222039
222248
222452
222656
222861
223071
223278
223483
223688
223903
224108
224315
224527
224737
224942
225168
225380
225585
225791
225995
226202
226407
226612
226820
227030
227235
227440
227650
227863
228068
228274
228480
228687
228892
229096
229303
229511
229718
229924
230136
230341
230545
230751
230958
231163
231368
231573
231777
231983
232186
232392
232597
232806
233010
233215
233429
233636
233841
234045
234252
234458
234662
234868
235085
235292
235498
235706
235911
236119
236323
236528
236736
236944
237153
237359
237578
237784
237988
238194
238400
238606
238810
239016
239222
239433
239638
239848
