51
337
558
781
1001
1227
1459
1699
1967
2171
2406
2620
2836
3043
3251
3605
3818
4024
4276
4520
4727
4933
5138
5360
5574
5792
6000
6205
6409
6617
6821
7026
7236
7440
7655
7861
8082
8285
8493
8706
8910
9119
9322
9576
9789
9994
10204
10409
10621
10826
11031
11235
11439
11643
11849
12055
12259
12466
12672
12903
13107
13312
13529
13744
13948
14152
14358
14563
14769
14976
15186
15393
15600
15804
16009
16215
16419
16625
16828
17034
17240
17448
17656
17866
18072
18277
18490
18695
18903
19107
19313
19517
19722
19927
20144
20348
20553
20759
20965
21171
21375
21581
21786
21991
22197
22403
22607
22812
23018
23224
23429
23634
23840
24049
24255
24460
24666
24874
25082
25286
25491
25700
25904
26108
26316
26520
26725
26932
27140
27344
27550
27756
27962
28169
28375
28581
28787
29003
29207
29413
29616
29824
30035
30240
30445
30651
30856
31060
31278
31485
31691
31896
32109
32325
32534
32743
32950
33154
33359
33568
33774
33982
34187
34393
34614
34818
35022
35230
35452
35656
35862
36070
36279
36483
36688
36893
37099
37304
37509
37714
37919
38123
38328
38532
38736
38939
39151
39357
39563
39767
39971
40176
40382
40589
40794
41000
41205
41411
41618
41822
42027
42242
42448
42654
42859
43073
43282
43495
43703
43909
44115
44319
44523
44730
44935
45139
45356
45566
45770
45974
46178
46387
46596
46801
47005
47215
47420
47624
47831
48036
48241
48447
48651
48857
49060
49272
49489
49693
49898
50110
50320
50524
50731
50949
51154
51358
51562
51771
51976
52188
52395
52599
52805
53010
53213
53417
53621
53828
54039
54243
54447
54652
54857
55059
55266
55470
55679
55907
56112
56316
56523
56726
56934
57137
57342
57547
57750
57956
58161
58367
58572
58778
58984
59190
59396
59602
59825
60028
60236
60445
60649
60854
61059
61269
61475
61680
61886
62091
62296
62503
62707
62920
63126
63335
63539
63744
63951
64158
64366
64572
64776
64985
65192
65401
65606
65823
66027
66236
66451
66662
66869
67074
67282
67486
67691
67896
68102
68309
68517
68722
68926
69145
69350
69554
69770
69974
70179
70386
70590
70797
71002
71210
71430
71634
71838
72045
72250
72455
72660
72870
73076
73280
73485
73689
73894
74099
74302
74508
74715
74920
75127
75334
75539
75753
75956
76161
76368
76572
76781
76987
77195
77401
77607
77811
78016
78222
78428
78636
78842
79048
79253
79456
79667
79872
80094
80302
80508
80735
80940
81146
81353
81557
81765
81970
82175
82383
82588
82791
82995
83200
83405
83611
83815
84021
84226
84433
84636
84841
85053
85262
85470
85676
85884
86089
86294
86499
86702
86907
87111
87318
87534
87738
87942
88148
88354
88564
88768
88978
89196
89400
89606
89817
90023
90234
90449
90654
90861
91067
91272
91481
91688
91891
92096
92310
92519
92723
92932
93137
93343
93548
93753
93957
94161
94369
94575
94785
94990
95202
95407
95622
95825
96031
96236
96441
96647
96852
97059
97269
97474
97680
97886
98091
98298
98502
98709
98913
99122
99325
99544
99753
99957
100162
100374
100578
100794
101008
101216
101420
101625
101829
102036
102240
102444
102651
102858
103061
103303
103507
103710
103918
104123
104332
104537
104742
104946
105153
105359
105564
105768
105974
106181
106388
106592
106797
107009
107217
107422
107652
107857
108066
108270
108484
108696
108906
109111
109322
109533
109738
109942
110148
110354
110560
110766
110973
111184
111389
111594
111798
112004
112208
112413
112620
112828
113035
113240
113462
113691
113895
114101
114305
114518
114723
114926
115132
115337
115540
115744
115951
116159
116364
116570
116775
116983
117187
117392
117597
117800
118005
118215
118419
118625
118830
119037
119241
119453
119658
119869
120076
120281
120486
120691
120900
121106
121310
121521
121727
121930
122137
122342
122551
122756
122961
123167
123372
123576
123782
123985
124190
124404
124608
124815
125020
125225
125428
125635
125845
126059
126266
126470
126678
126883
127089
127295
127500
127705
128016
128260
128477
128688
128896
129103
129481
129731
129937
130142
130348
130561
130830
131037
131240
131452
131656
131861
132068
132273
132487
132692
132896
133105
133319
133525
133728
133936
134141
134345
134551
134755
134960
135168
135373
135580
135785
135989
136194
136401
136607
136812
137019
137251
137460
137666
137871
138083
138288
138493
138718
138924
139131
139334
139539
139743
139949
140153
140356
140567
140773
140981
141186
141392
141597
141801
142018
142222
142427
142630
142835
143041
143246
143452
143667
143873
144078
144287
144508
144712
144920
145126
145332
145535
145740
145954
146163
146369
146580
146786
146989
147194
147401
147610
147826
148035
148240
148445
148650
148855
149061
149269
149473
149685
149895
150104
150310
150518
150724
150931
151134
151339
151544
151752
151956
152166
152371
152577
152788
152993
153202
153407
153612
153819
154030
154235
154440
154644
154851
155054
155259
155484
155689
155894
156104
156309
156519
156723
156931
157142
157347
157552
157755
157968
158172
158377
158657
158871
159082
159288
159493
159699
159904
160109
160315
160530
160738
160944
161153
161359
161563
161774
161979
162186
162391
162597
162805
163017
163222
163508
163715
163919
164123
164328
164539
164743
164949
165153
165360
165571
165776
165980
166188
166395
166598
166803
167009
167218
167424
167628
167832
168038
168246
168468
168672
168877
169084
169289
169500
169704
169909
170120
170326
170536
170741
170946
171151
171356
171561
171768
171973
172184
172388
172597
172801
173007
173212
173433
173637
173843
174048
174259
174463
174668
174873
175078
175292
175496
175703
175908
176119
176325
176543
176754
176959
177164
177369
177573
177777
177984
178190
178395
178600
178804
179017
179223
179427
179633
179841
180060
180268
180475
180683
180888
181092
181297
181509
181716
181926
182136
182340
182544
182751
182966
183171
183378
183586
183791
184001
184206
184413
184619
184824
185030
185235
185439
185643
185851
186057
186261
186470
186674
186890
187096
187299
187506
187717
187922
188127
188340
188545
188749
188957
189166
189371
189634
189863
190103
190308
190516
190721
190925
191128
191337
191557
191761
191967
192173
192377
192582
192788
192992
193199
193403
193608
193813
194027
194240
194447
194661
194868
195074
195287
195491
195695
195915
196129
196333
196537
196749
196956
197162
197368
197573
197777
197983
198189
198394
198598
198804
199014
199219
199425
199630
199839
200080
200283
200489
200693
200898
201106
201310
201517
201724
201929
202132
202337
202541
202747
202952
203157
203362
203578
203784
203989
204192
204398
204606
204814
205020
205224
205429
205637
205841
206047
206253
206458
206665
206870
207075
207298
207502
207707
207915
208120
208324
208529
208736
208947
209153
209358
209569
209788
209993
210198
210403
210607
210813
211016
211223
211429
211635
211841
212055
212259
212467
212679
212884
213091
213295
213502
213715
213919
214124
214330
214560
214765
214969
215177
215411
215617
215821
216060
216297
216501
216737
216942
217146
217351
217558
217825
218037
218243
218534
218788
219002
219255
219603
219808
220012
220223
220430
220637
220841
221044
221249
221453
221657
221870
222077
222282
222487
222690
222894
223100
223305
223527
223732
223953
224156
224395
224598
224802
225008
225213
225419
225627
225835
226039
226249
226452
226669
226875
227080
227285
227492
227711
227922
228128
228335
228538
228747
228951
229155
229360
229566
229785
229992
230212
230419
230624
230843
231051
231258
231464
231671
231882
232091
232297
232522
232726
232932
233136
233341
233545
233752
233955
234160
234372
234576
234781
234986
235190
235395
235600
235808
236011
236216
236423
236627
236837
237048
237253
237460
237672
237877
238083
238289
238493
238697
238904
239108
239312
239521
239727
239958
