71
288
515
734
963
1186
1405
1622
1870
2082
2291
2499
2720
2929
3212
3415
3651
3859
4064
4269
4476
4694
4902
5105
5311
5516
5732
5939
6144
6347
6568
6773
6980
7184
7388
7593
7799
8003
8210
8416
8622
8827
9032
9239
9449
9654
9859
10065
10271
10476
10680
10884
11089
11303
11507
11711
11915
12120
12329
12534
12737
12947
13156
13361
13565
13780
13985
14189
14395
14599
14803
15015
15220
15423
15628
15833
16039
16243
16452
16657
16864
17069
17309
17518
17722
17934
18148
18355
18566
18772
18981
19187
19391
19596
19801
20005
20212
20418
20621
20828
21034
21239
21443
21667
21874
22078
22283
22489
22704
22912
23117
23322
23529
23734
23939
24143
24348
24561
24764
24971
25176
25419
25624
25828
26035
26243
26448
26653
26865
27074
27278
27483
27688
27897
28107
28312
28516
28720
28926
29132
29336
29542
29753
29961
30165
30370
30578
30782
30985
31192
31399
31606
31810
32017
32222
32434
32638
32843
33047
33253
33459
33661
33867
34073
34278
34483
34688
34893
35106
35312
35517
35722
35927
36134
36343
36547
36752
36956
37162
37367
37572
37779
37982
38187
38394
38603
38807
39011
39215
39422
39633
39843
40053
40258
40462
40665
40888
41093
41316
41521
41734
41940
42149
42354
42558
42768
42982
43188
43392
43598
43803
44008
44217
44428
44635
44839
45049
45263
45467
45671
45879
46093
46298
46501
46711
46917
47120
47324
47536
47746
47952
48155
48368
48572
48778
48987
49195
49400
49605
49812
50017
50222
50428
50633
50838
51047
51251
51471
51685
51890
52098
52303
52510
52715
52919
53127
53331
53535
53742
53962
54165
54368
54577
54780
54985
55189
55395
55616
55822
56027
56232
56437
56646
56855
57060
57267
57471
57678
57887
58101
58305
58510
58720
58926
59130
59335
59542
59749
59953
60158
60368
60577
60782
60986
61192
61399
61603
61809
62013
62218
62422
62629
62835
63055
63261
63468
63673
63880
64084
64288
64496
64701
64907
65111
65316
65521
65731
65936
66144
66349
66553
66772
66980
67184
67391
67598
67815
68029
68233
68439
68643
68850
69054
69262
69534
69754
69978
70184
70394
70604
70810
71014
71218
71427
71632
71836
72047
72251
72455
72662
72867
73072
73278
73483
73688
73898
74103
74311
74515
74719
74925
75129
75335
75542
75747
75951
76155
76361
76564
76769
76974
77181
77388
77597
77802
78007
78212
78419
78634
78839
79044
79272
79482
79687
79893
80118
80326
80530
80738
80947
81153
81361
81565
81770
81978
82184
82397
82600
82811
83017
83226
83430
83636
83841
84048
84253
84458
84664
84869
85074
85279
85490
85706
85911
86119
86322
86533
86738
86947
87150
87368
87581
87786
87997
88203
88413
88617
88840
89045
89250
89454
89661
89867
90071
90278
90483
90688
90896
91101
91308
91544
91764
91968
92172
92397
92601
92807
93019
93223
93429
93634
93838
94051
94255
94462
94683
94896
95103
95308
95514
95720
95924
96128
96332
96536
96768
96973
97179
97385
97593
97797
98001
98206
98428
98633
98839
99056
99261
99467
99672
99877
100082
100287
100499
100710
100915
101121
101329
101535
101748
101953
102157
102371
102580
102786
102989
103194
103408
103615
103820
104026
104240
104447
104651
104855
105067
105275
105481
105684
105889
106094
106306
106515
106723
106926
107130
107334
107539
107749
107954
108162
108368
108579
108782
108990
109195
109399
109603
109812
110016
110221
110429
110634
110840
111045
111250
111454
111663
111867
112072
112282
112489
112695
112900
113115
113329
113545
113750
113956
114178
114382
114594
114800
115005
115208
115413
115631
115848
116055
116261
116466
116670
116874
117078
117282
117494
117700
117903
118108
118317
118526
118731
118938
119155
119361
119565
119769
119973
120182
120388
120599
120804
121015
121220
121425
121630
121843
122051
122258
122461
122667
122872
123079
123287
123503
123708
123912
124116
124321
124526
124731
124936
125142
125366
125571
125782
125989
126194
126398
126607
126818
127022
127229
127433
127643
127854
128223
128531
128798
129071
129277
129522
129727
129933
130137
130355
130562
130767
130971
131178
131388
131601
131806
132029
132236
132463
132787
132995
133203
133408
133613
133824
134032
134245
134449
134654
134862
135067
135277
135481
135684
135888
136102
136308
136513
136717
136921
137130
137334
137540
137747
137953
138163
138367
138574
138784
138989
139195
139401
139605
139811
140015
140220
140424
140628
140835
141040
141247
141454
141658
141865
142070
142276
142480
142685
142890
143096
143304
143510
143718
143925
144129
144335
144544
144748
144952
145158
145365
145583
145788
145997
146201
146407
146612
146816
147022
147229
147434
147642
147847
148056
148269
148482
148699
148904
149110
149319
149526
149731
149937
150151
150375
150599
150827
151035
151242
151453
151660
151869
152073
152281
152486
152697
152904
153118
153321
153527
153731
153936
154141
154346
154551
154757
154967
155171
155377
155595
155823
156039
156246
156451
156657
156862
157069
157272
157480
157687
157893
158099
158309
158514
158719
158924
159178
159382
159636
159846
160051
160254
160458
160666
160878
161082
161286
161498
161704
161910
162128
162332
162536
162745
162950
163154
163373
163579
163788
163991
164197
164401
164607
164821
165039
165244
165449
165654
165863
166069
166274
166479
166696
166902
167107
167314
167522
167727
167931
168138
168348
168554
168757
168963
169172
169378
169582
169786
169995
170199
170404
170621
170828
171033
171238
171444
171649
171854
172058
172263
172468
172673
172880
173085
173290
173496
173700
173917
174122
174325
174532
174739
174943
175147
175352
175559
175764
175972
176177
176394
176602
176809
177015
177220
177468
177675
177880
178084
178288
178497
178701
178906
179112
179317
179525
179730
179936
180140
180347
180554
180766
180971
181178
181382
181598
181803
182009
182212
182418
182622
182826
183032
183236
183445
183650
183855
184061
184266
184471
184699
184904
185110
185315
185521
185725
185931
186137
186342
186549
186754
186961
187168
187380
187586
187791
188000
188212
188418
188622
188833
189037
189241
189448
189653
189856
190064
190313
190546
190752
190956
191163
191367
191573
191778
191983
192189
192397
192603
192807
193014
193226
193435
193644
193851
194057
194262
194471
194681
194886
195092
195303
195510
195715
195919
196127
196335
196538
196749
196962
197166
197377
197581
197787
197993
198204
198415
198621
198826
199032
199236
199443
199648
199852
200058
200263
200468
200671
200876
201082
201295
201499
201713
201917
202122
202327
202542
202750
202957
203162
203373
203577
203781
203986
204192
204398
204602
204815
205019
205225
205429
205633
205839
206052
206260
206467
206671
206877
207088
207294
207498
207703
207909
208117
208325
208530
208735
208956
209163
209368
209572
209782
209986
210192
210402
210629
210834
211039
211245
211473
211680
211886
212093
212298
212503
212709
212913
213118
213323
213529
213737
213947
214151
214355
214563
214774
214984
215189
215405
215628
215835
216047
216253
216467
216678
216901
217106
217316
217519
217726
217931
218144
218349
218554
218770
218983
219188
219412
219632
219837
220049
220253
220476
220684
220892
221096
221301
221507
221712
221917
222127
222333
222537
222742
222947
223154
223360
223564
223769
223973
224181
224388
224595
224799
225004
225209
225416
225622
225828
226032
226236
226446
226651
226856
227063
227267
227490
227734
227940
228145
228348
228554
228771
228981
229187
229393
229602
229808
230018
230228
230430
230635
230838
231047
231251
231458
231664
231868
232073
232279
232489
232701
232906
233111
233315
233522
233733
233938
234143
234348
234552
234759
234965
235176
235380
235585
235791
235998
236214
236427
236632
236839
237048
237253
237459
237663
237868
238073
238279
238484
238688
238895
239100
239305
239514
239717
239922
