15
220
444
683
899
1215
1471
1689
1902
2148
2388
2644
2853
3069
3281
3494
3701
3911
4139
4349
4672
4981
5231
5494
5755
5962
6179
6384
6589
6806
7027
7232
7442
7648
7852
8057
8263
8469
8678
8883
9088
9297
9502
9713
9917
10136
10354
10560
10763
10972
11179
11385
11597
11801
12005
12211
12418
12623
12832
13036
13251
13456
13677
13884
14089
14294
14505
14710
14915
15119
15323
15531
15736
15943
16158
16364
16569
16778
16984
17188
17431
17634
17840
18051
18254
18463
18670
18878
19082
19288
19495
19701
19905
20110
20319
20524
20731
20935
21140
21348
21554
21764
21974
22179
22385
22590
22795
23001
23207
23417
23634
23841
24047
24254
24464
24669
24874
25079
25285
25498
25702
25906
26111
26317
26523
26732
26936
27140
27347
27563
27768
27972
28179
28384
28588
28793
29002
29216
29426
29631
29844
30048
30253
30457
30664
30874
31079
31285
31490
31695
31900
32106
32316
32521
32726
32932
33136
33353
33563
33767
33972
34178
34383
34589
34799
35004
35212
35434
35639
35848
36054
36262
36466
36670
36878
37082
37290
37496
37700
37905
38113
38318
38523
38732
38937
39146
39354
39561
39766
39972
40176
40386
40598
40806
41012
41216
41426
41631
41837
42041
42254
42460
42665
42871
43076
43281
43490
43734
43939
44144
44348
44561
44767
44975
45181
45386
45591
45797
46003
46217
46421
46626
46830
47035
47240
47445
47650
47860
48069
48276
48492
48706
48913
49117
49321
49529
49733
49936
50143
50352
50559
50777
50988
51195
51409
51614
51819
52028
52242
52445
52655
52866
53072
53280
53485
53689
53893
54098
54309
54516
54720
54928
55147
55351
55556
55778
55984
56196
56401
56606
56817
57021
57228
57434
57640
57845
58052
58259
58465
58668
58877
59080
59287
59499
59704
59910
60117
60322
60528
60735
60939
61151
61358
61564
61769
61977
62183
62387
62591
62798
63003
63214
63418
63623
63830
64036
64259
64462
64669
64879
65083
65288
65506
65727
65937
66144
66359
66564
66768
66972
67180
67385
67589
67795
68011
68216
68420
68625
68835
69042
69249
69454
69661
69878
70082
70288
70517
70723
70929
71137
71343
71546
71755
71966
72178
72383
72589
72801
73014
73217
73423
73631
73835
74052
74256
74464
74677
74885
75089
75292
75502
75706
75915
76119
76323
76534
76741
76947
77152
77401
77605
77808
78019
78222
78427
78632
78837
79045
79250
79455
79680
79890
80098
80303
80510
80718
80927
81134
81338
81545
81751
81960
82165
82371
82591
82801
83004
83208
83415
83622
83826
84032
84238
84445
84649
84865
85071
85282
85486
85691
85915
86119
86330
86539
86749
86955
87160
87363
87577
87784
87990
88201
88405
88609
88816
89031
89241
89447
89653
89866
90073
90281
90486
90694
90914
91123
91329
91534
91759
91965
92170
92373
92582
92789
92997
93200
93416
93622
93833
94039
94255
94459
94668
94873
95081
95286
95499
95705
95910
96117
96322
96540
96744
96950
97156
97364
97578
97782
97986
98199
98405
98615
98819
99033
99238
99441
99646
99855
100062
100266
100490
100699
100903
101107
101315
101527
101731
101935
102140
102354
102560
102768
102970
103175
103396
103601
103807
104011
104216
104420
104624
104845
105048
105254
105464
105668
105873
106079
106288
106494
106700
106904
107110
107315
107521
107739
107946
108150
108355
108563
108774
108978
109184
109393
109599
109806
110017
110222
110447
110653
110856
111065
111272
111478
111684
111888
112097
112303
112509
112721
112925
113134
113339
113549
113755
113961
114168
114372
114580
114783
114988
115204
115425
115639
115849
116065
116272
116478
116681
116886
117091
117304
117512
117733
117938
118147
118355
118595
118829
119039
119247
119451
119657
119870
120076
120285
120501
120708
120916
121120
121339
121545
121814
122050
122255
122462
122675
122886
123091
123298
123508
123733
123936
124140
124351
124556
124765
124969
125174
125381
125585
125794
125999
126205
126412
126617
126822
127026
127230
127436
127653
127861
128065
128271
128479
128683
128888
129093
129300
129504
129711
129918
130123
130328
130532
130739
130962
131165
131370
131592
131811
132015
132220
132430
132633
132837
133041
133293
133501
133712
133917
134128
134335
134539
134744
134966
135184
135388
135599
135806
136015
136220
136432
136636
136841
137048
137253
137483
137688
137897
138106
138320
138527
138732
138936
139141
139351
139555
139764
139969
140173
140379
140589
140798
141002
141215
141420
141629
141832
142036
142250
142463
142669
142874
143084
143288
143494
143699
143904
144114
144319
144526
144733
144937
145142
145351
145582
145788
145995
146205
146422
146631
146837
147043
147255
147462
147670
147875
148087
148292
148499
148704
148912
149116
149324
149529
149734
149938
150148
150354
150559
150767
150972
151181
151397
151601
151805
152010
152216
152422
152633
152839
153046
153256
153462
153673
153900
154105
154311
154516
154720
154937
155142
155347
155554
155757
155963
156167
156373
156579
156784
156988
157195
157400
157604
157819
158024
158230
158434
158640
158849
159059
159263
159467
159672
159879
160083
160302
160506
160713
160918
161130
161336
161541
161745
161951
162160
162365
162574
162788
162992
163197
163403
163610
163816
164023
164232
164436
164641
164846
165050
165255
165462
165666
165872
166079
166289
166494
166698
166906
167112
167316
167519
167724
167930
168135
168339
168550
168756
168967
169172
169382
169587
169792
170000
170211
170417
170621
170825
171037
171272
171478
171683
171893
172112
172317
172525
172731
172934
173139
173355
173568
173772
173984
174189
174398
174602
174807
175027
175237
175445
175650
175856
176076
176282
176485
176694
176913
177117
177324
177544
177749
177959
178162
178365
178576
178779
178989
179196
179399
179624
179829
180033
180238
180446
180657
180861
181072
181286
181489
181702
181908
182112
182318
182522
182747
182952
183159
183363
183568
183786
183993
184196
184401
184607
184815
185018
185226
185445
185650
185853
186058
186268
186473
186680
186896
187107
187311
187516
187721
187931
188137
188343
188547
188763
188969
189175
189388
189598
189807
190012
190216
190421
190629
190848
191052
191257
191464
191670
191879
192087
192291
192498
192704
192915
193123
193336
193543
193748
193957
194160
194366
194571
194776
194979
195184
195389
195598
195804
196009
196215
196420
196629
196833
197049
197256
197479
197686
197900
198105
198311
198517
198720
198930
199138
199343
199549
199755
199961
200166
200370
200577
200781
200990
201210
201415
201619
201831
202037
202249
202452
202659
202865
203070
203281
203486
203692
203899
204114
204319
204525
204737
204945
205150
205355
205564
205768
205972
206181
206386
206591
206799
207006
207219
207423
207627
207838
208050
208255
208461
208665
208870
209076
209282
209491
209708
209913
210123
210328
210537
210742
210947
211152
211360
211564
211768
211972
212195
212401
212605
212814
213023
213227
213432
213637
213852
214061
214267
214470
214675
214879
215083
215290
215502
215707
215913
216119
216323
216532
216736
216943
217154
217359
217569
217774
217984
218190
218404
218611
218819
219025
219229
219438
219647
219851
220069
220276
220486
220691
220900
221106
221311
221518
221723
221933
222137
222342
222547
222752
222958
223163
223367
223578
223783
223989
224197
224402
224606
224815
225021
225230
225434
225638
225843
226062
226267
226473
226687
226899
227103
227309
227520
227728
227939
228150
228357
228563
228767
228976
229181
229386
229592
229826
230032
230237
230440
230653
230858
231065
231269
231473
231679
231884
232098
232302
232507
232712
232917
233120
233325
233530
233734
233947
234154
234360
234564
234771
234996
235213
235418
235623
235833
236037
236241
236447
236656
236867
237079
237285
237490
237697
237907
238114
238319
238538
238752
238962
239166
239372
239583
239789
240000
