26
419
706
961
1290
1752
1974
2193
2418
2670
2895
3116
3351
3634
3927
4130
4373
4579
4800
5017
5226
5467
5685
5895
6100
6307
6511
6718
6929
7134
7350
7576
7782
7987
8190
8397
8603
8808
9015
9221
9437
9639
9843
10061
10265
10470
10673
10879
11085
11289
11495
11698
11903
12107
12312
12519
12725
12930
13135
13341
13546
13751
13954
14161
14367
14574
14799
15004
15209
15433
15646
15850
16066
16270
16484
16694
16902
17124
17328
17533
17740
17944
18149
18362
18567
18776
18981
19185
19390
19596
19801
20007
20214
20426
20643
20848
21054
21264
21487
21696
21900
22131
22341
22545
22750
22955
23192
23397
23604
23812
24017
24225
24431
24645
24851
25060
25267
25474
25680
25886
26093
26299
26505
26716
26926
27130
27335
27540
27747
27952
28159
28364
28569
28773
28977
29184
29395
29599
29807
30012
30218
30427
30633
30844
31047
31252
31459
31664
31869
32084
32288
32494
32706
32924
33130
33336
33556
33761
33966
34176
34390
34595
34800
35011
35214
35418
35624
35830
36042
36253
36458
36678
36887
37097
37301
37505
37719
37925
38130
38334
38545
38750
38956
39165
39370
39578
39782
39986
40191
40397
40617
40829
41034
41240
41448
41661
41865
42071
42275
42481
42685
42891
43115
43320
43531
43738
43951
44160
44367
44575
44783
44987
45194
45409
45614
45826
46030
46236
46450
46656
46862
47065
47274
47480
47702
47923
48131
48339
48543
48747
48957
49174
49379
49587
49812
50015
50225
50435
50654
50886
51092
51297
51500
51705
51911
52116
52323
52541
52748
52957
53164
53368
53580
53786
53992
54196
54412
54617
54822
55027
55232
55437
55673
55882
56090
56294
56502
56713
56916
57122
57333
57537
57742
57946
58151
58356
58563
58767
58971
59180
59386
59594
59798
60012
60217
60423
60629
60832
61040
61244
61450
61662
61867
62075
62280
62488
62692
62898
63103
63314
63527
63738
63944
64154
64362
64566
64770
64976
65182
65387
65592
65817
66023
66230
66434
66639
66842
67052
67258
67468
67679
67884
68091
68300
68504
68707
68911
69127
69331
69535
69746
69951
70155
70358
70563
70777
70983
71191
71405
71621
71831
72036
72241
72447
72651
72858
73062
73266
73473
73680
73891
74098
74305
74511
74714
74930
75135
75342
75546
75752
75955
76160
76366
76575
76779
76985
77190
77394
77611
77818
78022
78231
78437
78641
78845
79050
79254
79461
79672
79879
80087
80297
80505
80708
80934
81138
81343
81547
81753
81961
82166
82369
82578
82787
82994
83199
83405
83618
83829
84033
84238
84447
84652
84860
85071
85281
85488
85709
85919
86128
86333
86536
86745
86950
87154
87366
87577
87782
87988
88197
88402
88610
88819
89025
89243
89450
89654
89859
90066
90269
90476
90690
90896
91100
91309
91518
91726
91930
92135
92347
92562
92767
92972
93179
93386
93592
93797
94013
94219
94432
94636
94845
95053
95260
95464
95671
95882
96087
96297
96501
96705
96915
97120
97334
97553
97759
97963
98180
98391
98598
98801
99005
99216
99420
99637
99842
100048
100253
100460
100669
100901
101112
101315
101519
101737
101947
102154
102385
102627
102844
103053
103263
103469
103674
103878
104096
104301
104506
104716
104920
105124
105330
105544
105750
105957
106160
106363
106578
106782
106988
107207
107426
107631
107841
108056
108279
108484
108692
108911
109117
109324
109529
109733
109939
110145
110356
110568
110774
110981
111184
111392
111599
111807
112013
112221
112425
112630
112835
113049
113254
113461
113667
113876
114082
114297
114501
114705
114911
115114
115319
115524
115728
115935
116142
116347
116555
116760
116966
117172
117377
117582
117788
118003
118210
118416
118622
118826
119030
119245
119450
119656
119866
120078
120283
120490
120693
120898
121102
121307
121514
121721
121927
122134
122338
122542
122748
122954
123161
123366
123573
123777
123982
124193
124406
124613
124818
125025
125229
125433
125638
125846
126052
126257
126461
126665
126876
127080
127285
127491
127702
127911
128116
128321
128526
128734
128940
129148
129354
129559
129763
129974
130179
130384
130592
130807
131013
131217
131426
131630
131841
132045
132252
132462
132665
132870
133090
133299
133513
133718
133934
134138
134343
134547
134751
134957
135172
135376
135583
135794
135999
136204
136409
136616
136819
137024
137230
137437
137645
137851
138064
138296
138500
138713
138928
139133
139338
139544
139757
139960
140167
140372
140577
140785
140990
141194
141398
141601
141813
142018
142232
142437
142642
142847
143051
143261
143471
143679
143890
144095
144300
144507
144713
144918
145126
145343
145550
145756
145972
146193
146397
146602
146809
147015
147220
147430
147640
147846
148052
148260
148465
148670
148883
149088
149292
149498
149703
149919
150128
150334
150542
150754
150961
151167
151371
151582
151786
151992
152195
152401
152608
152812
153018
153225
153432
153643
153865
154070
154281
154486
154690
154895
155101
155309
155566
155779
155984
156190
156404
156612
156823
157029
157240
157443
157650
157857
158062
158266
158474
158681
158886
159094
159304
159509
159714
159920
160127
160333
160538
160744
160947
161149
161363
161568
161774
161982
162193
162405
162615
162819
163025
163258
163463
163668
163874
164090
164295
164500
164706
164917
165122
165326
165548
165762
165967
166172
166378
166586
166795
166999
167203
167414
167621
167829
168034
168245
168450
168655
168866
169082
169287
169493
169703
169908
170112
170321
170527
170735
170951
171159
171364
171573
171780
171983
172197
172403
172609
172817
173026
173231
173435
173641
173845
174050
174265
174469
174677
174882
175086
175299
175505
175717
175921
176132
176337
176546
176751
176959
177162
177367
177580
177784
177988
178198
178404
178613
178817
179024
179230
179438
179644
179849
180063
180268
180475
180679
180883
181089
181296
181501
181737
181950
182154
182361
182565
182768
182974
183185
183414
183618
183826
184032
184238
184444
184651
184856
185061
185266
185472
185677
185882
186087
186293
186498
186703
186911
187115
187325
187532
187737
187945
188149
188362
188567
188770
188978
189182
189394
189597
189802
190026
190231
190436
190644
190849
191054
191259
191463
191667
191871
192077
192281
192486
192696
192900
193116
193332
193535
193740
193947
194160
194368
194572
194779
194983
195186
195400
195608
195814
196018
196225
196436
196645
196850
197055
197264
197471
197678
197883
198092
198299
198503
198707
198925
199146
199357
199562
199769
199974
200179
200383
200591
200796
201000
201211
201419
201632
201836
202043
202276
202482
202687
202894
203099
203307
203512
203734
203938
204144
204352
204556
204762
204966
205170
205377
205583
205787
205994
206199
206417
206627
206832
207036
207242
207446
207655
207878
208082
208288
208497
208702
208908
209113
209320
209529
209734
209940
210147
210352
210559
210768
210975
211179
211386
211612
211816
212020
212224
212430
212636
212843
213048
213252
213457
213660
213865
214071
214290
214496
214702
214918
215122
215327
215531
215750
215963
216167
216375
216584
216790
216994
217199
217426
217632
217840
218044
218252
218462
218665
218869
219082
219295
219498
219703
219916
220121
220336
220543
220750
220957
221160
221370
221576
221780
221985
222204
222408
222613
222818
223026
223235
223440
223653
223858
224064
224275
224480
224686
224892
225097
225302
225508
225712
225917
226125
226330
226537
226741
226949
227153
227361
227566
227776
227981
228187
228399
228608
228813
229017
229222
229431
229635
229847
230051
230256
230466
230673
230891
231096
231301
231511
231719
231925
232129
232336
232544
232751
232957
233165
233371
233584
233796
234010
234216
234424
234627
234831
235036
235243
235449
235671
235880
236086
236311
236520
236725
236937
237145
237350
237556
237768
237980
238192
238404
238623
238831
239046
239249
239465
239669
239874
