0
0
0
0
0
0
0
0
0
0
0
0
0
0
0
0
0
0
0
0
0
0
0
0
0
0
0
0
0
0
0
0
0
0
0
0
0
0
0
0
0
0
0
0
0
0
0
0
0
0
0
0
0
0
0
0
0
0
0
0
0
0
0
0
0
0
0
0
0
0
0
0
0
0
0
0
0
0
0
0.05871942
0.3012803
1.056447
1.492633
1.944903
2.405737
3.338982
3.808091
4.2779
4.748068
5.218434
6.159435
6.630016
7.100633
7.571214
7.911969
8.190021
8.241451
8.268809
8.283404
8.295288
8.297478
8.298663
8.299292
8.299632
8.299902
8.299902
8.299902
8.299902
8.299902
8.299794
8.299829
8.299866
8.299919
8.299919
8.299919
8.299919
8.299919
8.299919
8.299919
8.299919
8.299919
8.299919
8.299919
8.299919
8.299919
8.299919
8.241164
7.998585
7.243473
6.807323
6.355052
5.894237
5.428826
4.506657
4.223022
4.072014
3.99161
3.925997
3.913843
3.907381
3.903934
3.902103
3.900613
3.900326
3.900182
3.900129
3.900129
3.900129
3.900129
3.900129
3.900129
3.900129
3.900129
3.900129
3.900129
3.900129
3.900129
3.900129
3.900129
3.900129
3.900129
3.900129
3.900129
3.900129
3.900129
3.900129
3.900129
3.900129
3.900129
3.900129
3.900129
3.900129
3.900129
3.900129
3.900129
3.900129
3.958794
4.201337
4.956468
5.392653
5.844924
6.305758
6.771186
7.693392
7.977079
8.128088
8.208474
8.251289
8.27407
8.292649
8.296114
8.297927
8.298897
8.299417
8.299848
8.299902
8.299902
8.299902
8.299902
8.299902
8.299758
8.299794
8.299776
8.299937
8.299937
8.299937
8.299937
8.299937
8.299937
8.299937
8.299937
8.299937
8.299937
8.299937
8.299937
8.299937
8.299937
7.998585
7.649393
7.243473
6.807323
6.35507
5.428826
4.96101
4.491918
4.122548
3.925027
3.763823
3.733987
3.718118
3.709645
3.702752
3.701477
3.700777
3.700418
3.700238
3.700041
3.698066
3.698587
3.699018
3.699628
3.699915
3.700059
3.700149
3.700041
3.699125
3.699466
3.699359
3.6997
3.700095
3.700041
3.699808
3.699969
3.700113
3.700167
3.700185
3.69821
3.698407
3.698497
3.699161
3.698694
3.699323
3.699664
3.700023
3.700041
3.700077
3.700005
3.700005
3.700005
3.700005
3.700005
3.700005
3.700005
3.700005
3.700005
3.700005
3.700005
3.700005
3.700005
3.700005
3.700005
3.700005
3.700005
3.700005
3.700005
3.700005
3.700005
3.700005
3.700005
3.700005
3.758724
4.350496
4.756452
5.192638
5.644926
6.571188
7.039005
7.508096
7.877574
8.075112
8.236281
8.266081
8.281932
8.290387
8.294893
8.298555
8.299237
8.299597
8.299776
8.299902
8.299902
8.299902
8.299902
8.299902
8.299812
8.299884
8.299919
8.299919
8.299919
8.299919
8.299919
8.299919
8.299919
8.299919
8.299919
8.299919
8.299919
8.299919
8.299919
8.299919
8.241164
7.998585
7.243473
6.807341
6.355142
5.894381
4.961207
4.506854
4.223292
4.072212
3.991753
3.926033
3.913879
3.907381
3.903916
3.901116
3.900595
3.900308
3.900164
3.900093
3.900075
3.900057
3.900057
3.900057
3.900057
3.900057
3.900057
3.900057
3.900057
3.900057
3.900057
3.900057
3.900057
3.900057
3.900057
3.900057
3.900057
3.900057
3.900057
3.900057
3.900057
3.900057
3.900057
3.900057
3.900057
3.900057
3.900057
3.900057
3.900057
3.900057
3.900057
3.900057
3.900057
3.900057
3.900057
3.900057
3.900057
3.900057
3.900057
3.900057
3.900057
3.900057
3.958902
4.201517
4.550709
4.956611
5.392707
6.305739
6.771168
7.238985
7.693409
7.977098
8.208492
8.251289
8.27407
8.286186
8.296114
8.297927
8.298897
8.299417
8.299705
8.299902
8.299902
8.299902
8.299902
8.299902
8.299794
8.299848
8.299884
8.299919
8.299919
8.299919
8.299919
8.299919
8.299919
8.299919
8.299919
8.299919
8.299919
8.299919
8.299919
8.299919
8.299919
8.241164
7.998585
7.243473
6.807323
6.355052
5.894237
5.428826
4.506657
4.223022
4.072014
3.99161
3.925997
3.913843
3.907381
3.903916
3.902103
3.900613
3.900326
3.900182
3.900129
3.900129
3.900129
3.900129
3.900129
3.900129
3.900129
3.900129
3.900129
3.900129
3.900129
3.900129
3.900129
3.900129
3.900129
3.900129
3.900129
3.900129
3.900129
3.900129
3.900129
3.900129
3.900129
3.900129
3.900129
3.900129
3.900129
3.900129
3.900129
3.900129
3.900129
3.900129
3.958794
4.201337
4.55053
5.392653
5.844924
6.305758
6.771186
7.239003
7.977079
8.128088
8.208474
8.251289
8.286186
8.292649
8.296114
8.297927
8.298897
8.299705
8.299848
8.299902
8.299902
8.299902
8.299902
8.299902
8.299794
8.299866
8.299884
8.299919
8.299919
8.299919
8.299919
8.299919
8.299919
8.299919
8.299919
8.299919
8.299919
8.299919
8.299919
8.299919
8.241164
7.998585
7.649393
7.243473
6.355052
5.894237
5.428826
4.96101
4.491918
3.925027
3.819831
3.763823
3.733987
3.718118
3.705139
3.702752
3.701477
3.700777
3.700418
3.700113
3.700185
3.699682
3.699161
3.698048
3.698533
3.699018
3.699484
3.699862
3.699915
3.699915
3.699915
3.699915
3.699915
3.699915
3.699915
3.699915
3.699915
3.699915
3.699915
3.699915
3.699915
3.699915
3.699915
3.699915
3.699915
3.699915
3.699915
3.699915
3.699915
3.699915
3.699915
3.699915
3.699915
3.699915
3.699915
3.758653
4.001249
4.35046
4.756452
5.192638
6.10576
6.571188
7.039005
7.508096
7.877574
8.18029
8.236281
8.266081
8.281932
8.290387
8.29728
8.298555
8.299237
8.299597
8.299776
8.299902
8.299902
8.299902
8.299902
8.299794
8.299866
8.299902
8.299902
8.299902
8.299902
8.299902
8.299902
8.299902
8.299902
8.299902
8.299902
8.299902
8.299902
8.299902
8.299902
8.299902
8.241164
7.649393
6.807341
6.355142
5.894381
5.429005
4.961207
4.223292
4.072212
3.991753
3.948885
3.913879
3.907381
3.903916
3.902103
3.900595
3.900308
3.900164
3.90011
3.90011
3.899931
3.899734
3.899752
3.89968
3.899051
3.898944
3.89898
3.899105
3.899626
3.899895
3.899913
3.899913
3.899913
3.899913
3.899931
3.899949
3.899949
3.899949
3.899949
3.899949
3.899949
3.899949
3.899949
3.899949
3.899949
3.899949
3.899949
3.899949
3.899949
3.899949
3.899949
3.899949
3.899949
3.899949
3.899949
3.899949
3.899949
3.899949
3.899949
3.899949
3.899949
3.899949
3.899949
3.899949
3.899949
3.899949
3.958812
4.201499
4.550692
4.956593
5.392707
6.305739
6.771168
7.238985
7.693409
8.128105
8.208492
8.251289
8.27407
8.286186
8.296114
8.297927
8.298897
8.299417
8.299848
8.299902
8.299902
8.299902
8.299902
8.299902
8.299794
8.299848
8.299884
8.299919
8.299919
8.299919
8.299919
8.299919
8.299919
8.299919
8.299919
8.299919
8.299919
8.299919
8.299919
8.299919
8.299919
8.241164
7.998585
7.649393
7.243473
6.807323
5.894237
5.428826
4.96101
4.506657
4.223022
3.99161
3.948795
3.925997
3.913843
3.903916
3.902103
3.901134
3.900613
3.900326
3.900129
3.900129
3.900129
3.900129
3.900129
3.900129
3.900129
3.900129
3.900129
3.900129
3.900129
3.900129
3.900129
3.900129
3.900129
3.900129
3.900129
3.900129
3.900129
3.900129
3.900129
3.900129
3.900129
3.900129
3.900129
3.900129
3.900129
3.900129
3.900129
3.900129
3.900129
3.900129
3.958794
4.201337
4.55053
4.956468
5.844924
6.305758
6.771186
7.693392
7.977079
8.128088
8.208474
8.251289
8.286186
8.292649
8.296114
8.297927
8.298897
8.299705
8.299848
8.299902
8.299902
8.299902
8.299902
8.299902
8.299776
8.299812
8.299919
8.299937
8.299937
8.299937
8.299937
8.299937
8.299937
8.299937
8.299937
8.299937
8.299937
8.299937
8.299937
8.299937
8.241182
7.998585
7.649393
7.243473
6.807323
5.894237
5.428826
4.96101
4.491918
4.122548
3.819831
3.763823
3.733987
3.718118
3.705139
3.702752
3.701477
3.700777
3.700418
3.700131
3.700292
3.698928
3.698784
3.699107
3.699341
3.698551
3.698012
3.69751
3.699125
3.699556
3.699754
3.699897
3.699897
3.699897
3.699897
3.699897
3.699897
3.699897
3.699897
3.699897
3.699897
3.699897
3.699897
3.699897
3.699897
3.699897
3.699897
3.699897
3.699897
3.699897
3.699897
3.699897
3.699897
3.699897
3.699897
3.699897
3.699897
3.699897
3.699897
3.758635
4.001232
4.756452
5.192638
5.644926
6.10576
7.039005
7.508096
7.877574
8.075112
8.18029
8.266081
8.281932
8.290387
8.294893
8.29728
8.299237
8.299597
8.299776
8.299902
8.299902
8.299902
8.299902
8.299902
8.299776
8.299848
8.299919
8.299919
8.299919
8.299919
8.299919
8.299919
8.299919
8.299919
8.299919
8.299919
8.299919
8.299919
8.299919
8.299919
8.241164
7.998585
7.243473
6.807341
6.355142
5.894381
5.429005
4.506854
4.223292
4.072212
3.991753
3.926033
3.913879
3.907381
3.903916
3.902103
3.900595
3.900308
3.900164
3.90011
3.90011
3.900039
3.899895
3.899931
3.899949
3.899985
3.899985
3.899985
3.899985
3.899985
3.899985
3.899985
3.899985
3.899985
3.899985
3.899985
3.899985
3.899985
3.899985
3.899985
3.899985
3.899985
3.899985
3.899985
3.899985
3.899985
3.899985
3.899985
3.899985
3.899985
3.899985
3.899985
3.899985
3.899985
3.899985
3.899985
3.899985
3.899985
3.899985
3.899985
3.899985
3.899985
3.958848
4.201534
4.550727
4.956611
5.392707
6.305739
6.771168
7.238985
7.693409
7.977098
8.208492
8.251289
8.27407
8.286186
8.292649
8.297927
8.298897
8.299417
8.299705
8.299902
8.299902
8.299902
8.299902
8.299902
8.299794
8.299848
8.299884
8.299919
8.299919
8.299919
8.299919
8.299919
8.299919
8.299919
8.299919
8.299919
8.299919
8.299919
8.299919
8.299919
8.299919
8.299919
7.998585
7.649393
7.243473
6.807323
6.355052
5.428826
4.96101
4.506657
4.223022
3.99161
3.948795
3.925997
3.913843
3.903916
3.902103
3.901134
3.900613
3.900326
3.900182
3.900129
3.900129
3.900129
3.900129
3.900129
3.900129
3.900129
3.900129
3.900129
3.900129
3.900129
3.900129
3.900129
3.900129
3.900129
3.900129
3.900129
3.900129
3.900129
3.900129
3.900129
3.900129
3.900129
3.900129
3.900129
3.900129
3.900129
3.900129
3.900129
3.900129
3.900129
3.900129
3.900129
3.900129
3.900129
3.958794
4.201337
4.55053
4.956468
5.392653
5.844924
6.305758
6.771186
7.239003
7.977079
8.128088
8.208474
8.251289
8.27407
8.286186
8.292649
8.297927
8.298897
8.299417
8.299705
8.299848
8.299902
8.299902
8.299902
8.299902
8.299902
8.299776
8.299812
8.299812
8.299884
8.299937
8.299937
8.299937
8.299937
8.299937
8.299937
8.299937
8.299937
8.299937
8.299937
8.299937
8.299937
8.299937
8.241182
7.998585
7.649393
6.807323
6.355052
5.894237
5.428826
4.96101
4.491918
4.122548
3.819831
3.763823
3.733987
3.718118
3.709645
3.705139
3.702752
3.700777
3.700418
3.700238
3.700131
3.700256
3.699251
3.697618
3.697241
3.697043
3.697653
3.697905
3.69961
3.6997
3.6997
3.699897
3.699897
