0
0
0
0
0
0
0
0
0
0
0
0
0
0
0
0
0
0
0
0
0
0
0
0
0
0
0
0
0
0
0
0
0
0
0
0
0
0
0
0
0
0
0
0
0
0
0
0
0
0
0
0
0
0
0
0
0
0
0
0
0
0
0
0
0
0
0
0
0
0
0
0
0
0
0
0
0
0
0
0
0.05871942
0.6504912
1.056447
1.492633
1.944903
2.405737
3.338982
3.808091
4.2779
4.748068
5.218434
6.159435
6.630016
7.100633
7.571214
7.911969
8.190021
8.241451
8.268809
8.283404
8.29116
8.297478
8.298663
8.299292
8.299632
8.299794
8.299902
8.299902
8.299902
8.299902
8.299776
8.299812
8.299794
8.299866
8.299937
8.299937
8.299937
8.299937
8.299937
8.299937
8.299937
8.299937
8.299937
8.299937
8.299937
8.299937
8.299937
8.299937
8.241182
7.998585
7.243473
6.807323
6.355052
5.894237
5.428826
4.491918
4.022109
3.551941
3.081575
2.140575
1.669994
1.236231
0.9855382
0.8520508
0.743103
0.7229435
0.7122264
0.7064819
0.7034661
0.7009888
0.700522
0.7002887
0.7001451
0.7001091
0.7001091
0.7001091
0.7001091
0.7001091
0.7001091
0.7001091
0.7001091
0.7001091
0.7001091
0.7001091
0.7001091
0.7001091
0.7001091
0.7001091
0.7001091
0.7001091
0.7001091
0.7001091
0.7001091
0.7001091
0.7001091
0.7001091
0.7001091
0.7001091
0.7001091
0.7001091
0.7001091
0.7001091
0.7587747
1.001318
1.350528
1.756466
2.192652
3.105756
3.571167
4.038983
4.508092
4.977901
5.918436
6.388909
6.859436
7.330017
7.763851
8.148049
8.219102
8.256944
8.277085
8.287803
8.296562
8.298161
8.299022
8.299489
8.299722
8.299902
8.299902
8.299902
8.299902
8.299902
8.299812
8.299884
8.299919
8.299902
8.299902
8.299902
8.299902
8.299902
8.299902
8.299902
8.299902
8.299902
8.299902
8.299902
8.299902
8.299902
8.299902
8.241164
7.649393
7.243473
6.807323
6.355052
5.894237
5.044143
4.836498
4.725952
4.667089
4.635746
4.610147
4.60539
4.602877
4.60153
4.600453
4.600255
4.600112
4.600112
4.600112
4.600112
4.600112
4.600112
4.600112
4.600112
4.600112
4.600112
4.600112
4.600112
4.600112
4.600112
4.600112
4.600112
4.600112
4.600112
4.600112
4.600112
4.600112
4.600112
4.600112
4.600112
4.600112
4.600112
4.600112
4.600112
4.600112
4.600112
4.600112
4.600112
4.600112
4.658778
4.90132
5.250531
6.092655
6.544926
7.005759
7.471188
7.855961
8.17417
8.233014
8.264339
8.281034
8.289885
8.297137
8.298484
8.299202
8.299579
8.299776
8.299902
8.299902
8.299902
8.299902
8.299902
8.299776
8.299812
8.299884
8.299919
8.299919
8.299919
8.299919
8.299919
8.299919
8.299919
8.299919
8.299919
8.299919
8.299919
8.299919
8.299919
8.299919
8.241164
7.649374
7.243455
6.807323
6.355124
5.429005
5.088429
4.906957
4.810235
4.758714
4.716671
4.708898
4.704733
4.702543
4.701359
4.700389
4.700228
4.700102
4.700102
4.700102
4.700102
4.700102
4.700102
4.700102
4.700102
4.700102
4.700102
4.700102
4.700102
4.700102
4.700102
4.700102
4.700102
4.700102
4.700102
4.700102
4.700102
4.700102
4.700102
4.700102
4.700102
4.700102
4.700102
4.700102
4.700102
4.700102
4.700102
4.700102
4.700102
4.700102
4.700102
4.700102
4.700102
4.700102
4.700102
4.700102
4.700102
4.700102
4.700102
4.758929
5.001526
5.350719
5.75662
6.644933
7.105749
7.571178
7.911915
8.093388
8.241433
8.268809
8.283404
8.29116
8.295288
8.298663
8.299292
8.299632
8.299794
8.299902
8.299902
8.299902
8.299902
8.299902
8.299848
8.299884
8.299919
8.299919
8.299919
8.299919
8.299919
8.299919
8.299919
8.299919
8.299919
8.299919
8.299919
8.299919
8.299919
8.299919
8.299919
8.241164
7.998585
7.243473
6.807323
6.355052
5.894237
5.428826
4.491918
4.022109
3.551941
3.081575
2.140575
1.669994
1.236231
0.9855382
0.8520508
0.743103
0.7229435
0.7122264
0.7064819
0.7034661
0.7009888
0.700522
0.7002887
0.7001451
0.7001091
0.7001091
0.7001091
0.7001091
0.7001091
0.7001091
0.7001091
0.7001091
0.7001091
0.7001091
0.7001091
0.7001091
0.7001091
0.7001091
0.7001091
0.7001091
0.7001091
0.7001091
0.7001091
0.7001091
0.7001091
0.7001091
0.7001091
0.7001091
0.7001091
0.7001091
0.7001091
0.7001091
0.7001091
0.7587747
1.001318
1.350528
1.756466
2.644922
3.105756
3.571167
4.038983
4.977901
5.44807
5.918436
6.388909
6.859436
7.763851
8.01458
8.148049
8.219102
8.256944
8.287803
8.293547
8.296562
8.298161
8.299022
8.299722
8.299866
8.299902
8.299902
8.299902
8.299902
8.299902
8.299776
8.299812
8.299919
8.299919
8.299919
8.299919
8.299919
8.299919
8.299919
8.299919
8.299919
8.299919
8.299919
8.299919
8.299919
8.299919
8.299919
8.241164
7.998585
7.649393
7.243473
6.807323
5.894237
5.428826
5.044143
4.836498
4.667089
4.635746
4.619033
4.610147
4.605408
4.601548
4.60083
4.600453
4.600255
4.600112
4.600094
4.599663
4.599502
4.599681
4.599825
4.599681
4.599681
4.599681
4.599699
4.599753
4.599789
4.599825
4.599825
4.599825
4.599896
4.599896
4.599896
4.599896
4.599896
4.599896
4.599896
4.599896
4.599896
4.599896
4.599896
4.599896
4.599896
4.599896
4.599896
4.599896
4.599896
4.599896
4.658634
4.901231
5.25046
5.656451
6.544926
7.005759
7.471188
7.855961
8.063623
8.233014
8.264339
8.281034
8.294624
8.297137
8.298484
8.299202
8.299776
8.299902
8.299902
8.299902
8.299902
8.299902
8.299902
8.299794
8.299866
8.299902
8.299902
8.299902
8.299902
8.299902
8.299902
8.299902
8.299902
8.299902
8.299902
8.299902
8.299902
8.299902
8.299902
8.299902
8.241164
7.998568
7.649374
7.243455
6.807323
5.894362
5.429005
5.088429
4.906957
4.810235
4.731284
4.716671
4.708898
4.704733
4.702543
4.70073
4.700389
4.700228
4.700102
4.700102
4.700102
4.700102
4.700102
4.700102
4.700102
4.700102
4.700102
4.700102
4.700102
4.700102
4.700102
4.700102
4.700102
4.700102
4.700102
4.700102
4.700102
4.700102
4.700102
4.700102
4.700102
4.700102
4.700102
4.700102
4.700102
4.700102
4.700102
4.700102
4.700102
4.700102
4.700102
4.700102
4.700102
4.700102
4.700102
4.700102
4.700102
4.700102
4.700102
4.700102
4.700102
4.758929
5.350719
5.75662
6.192717
6.644933
7.105749
7.911915
8.093388
8.190002
8.241433
8.283404
8.29116
8.295288
8.297478
8.298663
8.299632
8.299794
8.299902
8.299902
8.299902
8.299902
8.299902
8.299794
8.299848
8.299884
8.299919
8.299919
8.299919
8.299919
8.299919
8.299919
8.299919
8.299919
8.299919
8.299919
8.299919
8.299919
8.299919
8.299919
8.241164
7.998585
7.649393
7.243473
6.807323
5.894237
5.428826
4.96101
4.491918
4.022109
3.081575
2.611102
2.140575
1.669994
0.9855382
0.8520508
0.7809628
0.743103
0.7229435
0.7064819
0.7034661
0.7018684
0.7009888
0.700522
0.7001451
0.7001091
0.7001091
0.7001091
0.7001091
0.7001091
0.7001091
0.7001091
0.7001091
0.7001091
0.7001091
0.7001091
0.7001091
0.7001091
0.7001091
0.7001091
0.7001091
0.7001091
0.7001091
0.7001091
0.7001091
0.7001091
0.7001091
0.7001091
0.7001091
0.7001091
0.7001091
0.7001091
0.7001091
0.7001091
0.7001091
0.7001091
0.7587747
1.350528
1.756466
2.192652
2.644922
3.105756
4.038983
4.508092
4.977901
5.44807
5.918436
6.859436
7.330017
7.763851
8.01458
8.148049
8.256944
8.277085
8.287803
8.293547
8.296562
8.299022
8.299489
8.299722
8.299866
8.299902
8.299902
8.299902
8.299902
8.299902
8.299776
8.299866
8.299919
8.299919
8.299919
8.299919
8.299919
8.299919
8.299919
8.299919
8.299919
8.299919
8.299919
8.299919
8.299919
8.299919
8.241164
7.998585
7.649393
7.243473
6.355052
5.894237
5.428826
5.044143
4.725952
4.667089
4.635746
4.619033
4.610147
4.602894
4.601548
4.60083
4.600453
4.600255
4.600112
4.60004
4.599789
4.599771
4.600076
4.600076
4.600058
4.599879
4.599861
4.599735
4.599412
4.599196
4.599196
4.599286
4.599483
4.599717
4.599861
4.599896
4.599896
4.599896
4.599896
4.599896
4.599896
4.599896
4.599896
4.599896
4.599896
4.599896
4.599896
4.599896
4.599896
4.599896
4.599896
4.658634
4.901231
5.25046
5.656451
6.544926
7.005759
7.471188
7.855961
8.17417
8.233014
8.264339
8.281034
8.289885
8.297137
8.298484
8.299202
8.299579
8.299776
8.299902
8.299902
8.299902
8.299902
8.299902
8.299776
8.299812
8.299812
8.299884
8.299937
8.299937
8.299937
8.299937
8.299937
8.299937
8.299937
8.299937
8.299937
8.299937
8.299937
8.299937
8.299937
8.299937
8.241182
7.649393
7.243473
6.807323
6.355106
5.429005
5.088447
4.906957
4.810235
4.758714
4.716671
4.708898
4.704733
4.702543
4.701359
4.700389
4.700228
4.700102
4.700102
4.700102
4.700102
4.700102
4.700102
4.700102
4.700102
4.700102
4.700102
4.700102
4.700102
4.700102
4.700102
4.700102
4.700102
4.700102
4.700102
4.700102
4.700102
4.700102
4.700102
4.700102
4.700102
4.700102
4.700102
4.700102
4.700102
4.700102
4.700102
4.700102
4.700102
4.700102
4.700102
4.700102
4.700102
4.700102
4.700102
4.700102
4.700102
4.700102
4.700102
4.758929
5.350719
5.75662
6.192717
6.644933
7.105749
7.911915
8.093388
8.190002
8.241433
8.268809
8.29116
8.295288
8.297478
8.298663
8.299292
8.299794
8.299902
8.299902
8.299902
8.299902
8.299902
8.299794
8.299848
8.299884
8.299919
8.299919
8.299919
8.299919
8.299919
8.299919
8.299919
8.299919
8.299919
8.299919
8.299919
8.299919
8.299919
8.299919
8.241164
7.649393
7.243473
6.807323
6.355052
5.428826
4.96101
4.491918
4.022109
3.551941
2.611102
2.140575
1.669994
1.236231
0.9855382
0.7809628
0.743103
0.7229435
0.7122264
0.7064819
0.7018684
0.7009888
0.700522
0.7002887
0.7001091
0.7001091
0.7001091
0.7001091
0.6999297
0.6993193
0.6988884
0.6993911
0.6996783
0.6998219
0.6998937
0.6998937
0.6998937
0.6998937
0.6998937
0.6998937
0.6998937
0.6998937
0.6998937
0.6998937
0.6998937
0.6998937
0.6998937
0.6998937
0.6998937
0.6998937
0.6998937
0.6998937
0.6998937
0.6998937
0.6998937
0.6998937
0.7586491
1.001246
1.756448
2.192634
2.644922
3.105756
3.571167
4.508092
4.977901
5.44807
5.918436
6.388909
7.330017
7.763851
8.01458
8.148049
8.219102
8.277085
8.287803
8.293547
8.296562
8.298161
8.299489
8.299722
8.299866
8.299902
8.299902
8.299902
8.299902
8.299902
8.299776
8.299848
8.299919
8.299919
8.299919
8.299919
8.299919
8.299919
8.299919
8.299919
8.299919
8.299919
8.299919
8.299919
8.299919
8.299919
8.299919
8.241164
7.998585
7.649393
6.807323
6.355052
5.894237
5.428826
5.044143
4.725952
4.667089
4.635746
4.619033
4.610147
4.602894
4.601548
4.60083
4.600453
4.600255
4.600112
4.600255
4.600435
4.599807
4.599933
4.599933
4.599933
4.599933
4.599933
4.599933
4.599933
4.599933
4.599933
4.599933
4.599933
4.599933
4.599933
4.599933
4.599933
4.599933
4.599933
4.599933
4.599933
4.599933
4.599933
4.599933
4.599933
4.599933
4.599933
