0
0
0
0
0
0
0
0
0
0
0
0
0
0
0
0
0
0
0
0
0
0
0
0
0
0
0
0
0
0
0
0
0
0
0
0
0
0
0
0
0
0
0
0
0
0
0
0
0
0
0
0
0
0
0
0
0
0
0
0
0
0
0
0
0
0
0
0
0
0
0
0
0
0
0
0
0
0.05871942
0.3012803
1.056447
1.492633
1.944903
2.405737
2.871148
3.808091
4.2779
4.748068
5.218434
5.688908
6.630016
7.100633
7.571214
7.911969
8.093441
8.241451
8.268809
8.283404
8.29116
8.297478
8.298663
8.299292
8.299632
8.299902
8.299902
8.299902
8.299902
8.299902
8.299794
8.299829
8.299866
8.299919
8.299919
8.299919
8.299919
8.299919
8.299919
8.299919
8.299919
8.299919
8.299919
8.299919
8.299919
8.299919
8.299919
8.241164
7.649393
7.243473
6.807323
6.355052
5.894237
5.008491
4.770777
4.644183
4.576793
4.540908
4.511611
4.50619
4.5033
4.501756
4.500948
4.500284
4.50014
4.500122
4.500122
4.500122
4.500122
4.500122
4.500122
4.500122
4.500122
4.500122
4.500122
4.500122
4.500122
4.500122
4.500122
4.500122
4.500122
4.500122
4.500122
4.500122
4.500122
4.500122
4.500122
4.500122
4.500122
4.500122
4.500122
4.500122
4.500122
4.500122
4.500122
4.500122
4.500122
4.558788
4.801331
5.150541
5.992665
6.444935
6.905769
7.37118
7.791586
8.155912
8.223285
8.25917
8.278234
8.28843
8.296742
8.298286
8.299094
8.299524
8.299884
8.299902
8.299902
8.299902
8.299902
8.299902
8.299758
8.299794
8.299812
8.299866
8.299937
8.299937
8.299937
8.299937
8.299937
8.299937
8.299937
8.299937
8.299937
8.299937
8.299937
8.299937
8.299937
7.998585
7.649393
7.243473
6.807323
5.894237
5.428826
4.96101
4.491918
4.022109
3.084448
2.76448
2.594102
2.503357
2.429325
2.415628
2.40834
2.404444
2.402344
2.400674
2.400351
2.400208
2.400118
2.400172
2.400531
2.399974
2.399992
2.395881
2.394301
2.393152
2.392686
2.392488
2.392147
2.393871
2.396815
2.39834
2.399543
2.399759
2.399902
2.399902
2.399902
2.399902
2.399902
2.399902
2.399902
2.399902
2.399902
2.399902
2.399902
2.399902
2.399902
2.399902
2.399902
2.399902
2.399902
2.399902
2.399902
2.399902
2.399902
2.399902
2.399902
2.399902
2.45864
2.701236
3.456439
3.892625
4.344913
4.805747
5.271175
6.208083
6.677892
7.148078
7.615572
7.935612
8.196716
8.245006
8.27073
8.284428
8.295611
8.297676
8.298771
8.299345
8.299668
8.299902
8.299902
8.299902
8.299902
8.299902
8.299776
8.299812
8.299884
8.299919
8.299919
8.299919
8.299919
8.299919
8.299919
8.299919
8.299919
8.299919
8.299919
8.299919
8.299919
8.299919
8.299919
8.299919
7.998568
7.649393
7.243473
6.807341
6.355124
5.429005
4.961207
4.492098
4.022289
3.55212
2.622788
2.331758
2.176747
2.094152
2.050153
2.01425
2.00759
2.004053
2.002169
2.000625
2.000338
2.000194
2.000104
2.000104
2.000104
2.000104
2.000104
2.000104
2.000104
2.000104
2.000104
2.000104
2.000104
2.000104
2.000104
2.000104
2.000104
2.000104
2.000104
2.000104
2.000104
2.000104
2.000104
2.000104
2.000104
2.000104
2.000104
2.000104
2.000104
2.000104
2.000104
2.000104
2.000104
2.000104
2.000104
2.000104
2.000104
2.000104
2.000104
2.000104
2.000104
2.000104
2.000104
2.000104
2.000104
2.000104
2.058949
2.301546
2.650739
3.492701
3.944918
4.405733
4.871162
5.338978
6.277915
6.748083
7.218449
7.677469
7.968606
8.206069
8.249978
8.273369
8.285828
8.292452
8.297855
8.298861
8.299399
8.299686
8.299902
8.299902
8.299902
8.299902
8.299902
8.299794
8.299848
8.299884
8.299919
8.299919
8.299919
8.299919
8.299919
8.299919
8.299919
8.299919
8.299919
8.299919
8.299919
8.299919
8.299919
8.299919
8.241164
7.998585
7.243473
6.807323
6.355052
5.894237
5.428826
4.770777
4.644183
4.576793
4.540908
4.521808
4.50619
4.5033
4.501756
4.500948
4.500517
4.50014
4.500122
4.500122
4.500122
4.500122
4.500122
4.500122
4.500122
4.500122
4.500122
4.500122
4.500122
4.500122
4.500122
4.500122
4.500122
4.500122
4.500122
4.500122
4.500122
4.500122
4.500122
4.500122
4.500122
4.500122
4.500122
4.500122
4.500122
4.500122
4.500122
4.500122
4.500122
4.500122
4.558788
4.801331
5.150541
5.992665
6.444935
6.905769
7.37118
8.029336
8.155912
8.223285
8.278234
8.28843
8.293852
8.296742
8.298286
8.299524
8.29974
8.299884
8.299902
8.299902
8.299902
8.299902
8.299902
8.299794
8.299902
8.299919
8.299919
8.299919
8.299919
8.299919
8.299919
8.299919
8.299919
8.299919
8.299919
8.299919
8.299919
8.299919
8.299919
8.299919
8.241164
7.649393
7.243473
6.807323
6.355052
5.894237
4.96101
4.491918
4.022109
3.551941
3.084448
2.594102
2.503357
2.455067
2.429325
2.415628
2.404444
2.402344
2.401249
2.400674
2.400351
2.400118
2.399759
2.400225
2.400297
2.396689
2.395109
2.394194
2.393924
2.393996
2.394194
2.394301
2.39502
2.396707
2.398376
2.399436
2.399508
2.399651
2.399795
2.399902
2.399938
2.399938
2.399938
2.399938
2.399938
2.399938
2.399938
2.399938
2.399938
2.399938
2.399938
2.399938
2.399938
2.399938
2.399938
2.399938
2.399938
2.399938
2.399938
2.399938
2.458658
2.701254
3.050465
3.892625
4.344913
4.805747
5.271175
5.738992
6.677892
7.148078
7.615572
7.935612
8.106008
8.245006
8.27073
8.284428
8.291716
8.295611
8.298771
8.299345
8.299668
8.299812
8.299902
8.299902
8.299902
8.299902
8.299902
8.299794
8.299902
8.299902
8.299902
8.299902
8.299902
8.299902
8.299902
8.299902
8.299902
8.299902
8.299902
8.299902
8.299902
8.299902
8.299902
8.241164
7.998568
7.649393
7.243473
6.355124
5.894362
5.429005
4.961207
4.492098
3.55212
3.081755
2.622788
2.331758
2.094152
2.050153
2.026726
2.01425
2.004053
2.002169
2.001163
2.000625
2.000338
2.000194
2.000104
1.999727
1.999871
1.999978
2.00005
2.00005
2.00005
2.00005
2.000014
2.000014
2.000014
1.999996
1.999996
1.999996
1.999996
1.999996
1.999996
1.999996
1.999996
1.999996
1.999996
1.999996
1.999996
1.999996
1.999996
1.999996
1.999996
1.999996
1.999996
1.999996
1.999996
1.999996
1.999996
1.999996
1.999996
1.999996
1.999996
1.999996
1.999996
1.999996
1.999996
1.999996
1.999996
1.999996
2.058859
2.301546
2.650739
3.056623
3.944918
4.405733
4.871162
5.338978
6.277915
6.748083
7.218449
7.677469
7.968606
8.206069
8.249978
8.273369
8.285828
8.29597
8.297855
8.298861
8.299399
8.299686
8.299902
8.299902
8.299902
8.299902
8.299902
8.299794
8.299848
8.299884
8.299902
8.299919
8.299919
8.299919
8.299919
8.299919
8.299919
8.299919
8.299919
8.299919
8.299919
8.299919
8.299919
8.299919
8.241164
7.998585
7.243473
6.807323
6.355052
5.894237
5.428826
4.770777
4.644183
4.576793
4.521808
4.511611
4.50619
4.5033
4.501756
4.500517
4.500284
4.50014
4.500122
4.500122
4.500122
4.500122
4.500122
4.500122
4.500122
4.500122
4.500122
4.500122
4.500122
4.500122
4.500122
4.500122
4.500122
4.500122
4.500122
4.500122
4.500122
4.500122
4.500122
4.500122
4.500122
4.500122
4.500122
4.500122
4.500122
4.500122
4.500122
4.500122
4.500122
4.500122
4.558788
4.801331
5.556479
5.992665
6.444935
6.905769
7.37118
8.029336
8.155912
8.223285
8.25917
8.28843
8.293852
8.296742
8.298286
8.299094
8.29974
8.299884
8.299902
8.299902
8.299902
8.299902
8.299902
8.299776
8.299812
8.299794
8.299937
8.299937
8.299937
8.299937
8.299937
8.299937
8.299937
8.299937
8.299937
8.299937
8.299937
8.299937
8.299937
8.241182
7.998585
7.649393
7.243473
6.807323
5.894237
5.428826
4.96101
4.491918
4.022109
3.084448
2.76448
2.594102
2.503357
2.455067
2.415628
2.40834
2.404444
2.402344
2.400674
2.400351
2.400208
2.400118
2.399777
2.402757
2.401267
2.399095
2.395756
2.393512
2.392686
2.392435
2.392937
2.393512
2.394391
2.394535
2.393476
2.393494
2.395917
2.398933
2.399454
2.399759
2.399902
2.399938
2.399938
2.399938
2.399938
2.399938
2.399938
2.399938
2.399938
2.399938
2.399938
2.399938
2.399938
2.399938
2.399938
2.399938
2.399938
2.399938
2.399938
2.399938
2.399938
2.399938
2.458658
2.701254
3.456439
3.892625
4.344913
4.805747
5.271175
6.208083
6.677892
7.148078
7.615572
7.935612
8.196716
8.245006
8.27073
8.284428
8.291716
8.297676
8.298771
8.299345
8.299668
8.299812
8.299902
8.299902
8.299902
8.299902
8.299776
8.299812
8.299794
8.299866
8.299937
8.299937
8.299937
8.299937
8.299937
8.299937
8.299937
8.299937
8.299937
8.299937
8.299937
8.299937
8.299937
8.241182
7.998585
7.649393
6.807341
6.355124
5.894381
5.429005
4.961207
4.022289
3.55212
3.081755
2.622788
2.331758
2.094152
2.050153
2.026726
2.01425
2.00759
2.002169
2.001163
2.000625
2.000338
2.000032
1.999996
1.999996
1.999996
1.999996
1.999996
1.999996
1.999996
1.999996
1.999996
1.999996
1.999996
1.999996
1.999996
1.999996
1.999996
1.999996
1.999996
1.999996
1.999996
1.999996
1.999996
1.999996
1.999996
1.999996
1.999996
1.999996
1.999996
1.999996
1.999996
1.999996
1.999996
1.999996
1.999996
1.999996
1.999996
1.999996
1.999996
1.999996
1.999996
1.999996
1.999996
1.999996
1.999996
2.058859
2.650739
3.056623
3.492701
3.944918
4.405733
5.338978
5.808105
6.277915
6.748083
7.218449
7.968606
8.123582
8.206069
8.249978
8.285828
8.292452
8.29597
8.297855
8.298861
8.299686
8.299829
8.299902
8.299902
8.299902
8.299902
8.299902
8.299794
8.299848
8.299884
8.299919
8.299919
8.299919
8.299919
8.299919
8.299919
8.299919
8.299919
8.299919
8.299919
8.299919
8.299919
8.299919
8.241164
7.998585
7.649393
7.243473
6.807323
5.894237
5.428826
5.008491
4.770777
4.576793
4.540908
4.521808
4.511611
4.50619
4.501756
4.500948
4.500517
4.500284
4.500122
4.500122
4.500122
4.500122
4.500122
4.500122
4.500122
4.500122
4.500122
4.500122
4.500122
4.500122
4.500122
4.500122
4.500122
4.500122
4.500122
4.500122
4.500122
4.500122
4.500122
4.500122
4.500122
4.500122
4.500122
4.500122
4.500122
4.500122
4.500122
4.500122
4.500122
4.500122
4.500122
4.801331
5.150541
5.556479
5.992665
6.444935
7.37118
7.791586
8.029336
8.155912
8.223285
8.278234
8.28843
8.293852
8.296742
8.299094
8.299524
8.29974
8.299884
8.299902
8.299902
8.299902
8.299902
8.299902
8.299812
8.299794
8.299866
8.299937
8.299937
8.299937
8.299937
8.299937
8.299937
8.299937
8.299937
8.299937
8.299937
8.299937
8.299937
8.299937
8.299937
8.241182
7.649393
7.243473
6.807323
6.355052
5.894237
4.96101
4.491918
4.022109
3.551941
2.76448
2.594102
2.503357
2.455067
2.415628
2.40834
2.404444
2.402344
2.400674
2.400351
2.400208
2.400118
