0
0
0
0
0
0
0
0
0
0
0
0
0
0
0
0
0
0
0
0
0
0
0
0
0
0
0
0
0
0
0
0
0
0
0
0
0
0
0
0
0
0
0
0
0
0
0
0
0
0
0
0
0
0
0
0
0
0
0
0
0
0
0
0
0
0
0
0
0
0
0
0
0
0
0.05871942
0.3012803
0.6504912
1.056447
1.944903
2.405737
2.871148
3.338982
3.808091
4.748068
5.218434
5.688908
6.159435
6.630016
7.571214
7.911969
8.093441
8.190021
8.241451
8.283404
8.29116
8.295288
8.297478
8.298663
8.299632
8.299794
8.299902
8.299902
8.299902
8.299902
8.299902
8.299794
8.299829
8.299919
8.299919
8.299919
8.299919
8.299919
8.299919
8.299919
8.299919
8.299919
8.299919
8.299919
8.299919
8.299919
8.299919
8.299919
7.998585
7.649393
7.243473
6.807323
5.894237
5.437047
5.139232
4.980666
4.896222
4.827289
4.814543
4.807775
4.804149
4.80221
4.800631
4.800343
4.8002
4.800128
4.800128
4.800128
4.800128
4.800128
4.800128
4.800128
4.800128
4.800128
4.800128
4.800128
4.800128
4.800128
4.800128
4.800128
4.800128
4.800128
4.800128
4.800128
4.800128
4.800128
4.800128
4.800128
4.800128
4.800128
4.800128
4.800128
4.800128
4.800128
4.800128
4.800128
4.800128
4.858793
5.101336
5.450529
6.292653
6.744923
7.205757
7.663
7.960887
8.203897
8.248865
8.272795
8.285522
8.29229
8.297855
8.298861
8.299399
8.299686
8.299902
8.299902
8.299902
8.299902
8.299902
8.299758
8.299794
8.299776
8.299848
8.299937
8.299937
8.299937
8.299937
8.299937
8.299937
8.299937
8.299937
8.299937
8.299937
8.299937
8.299937
8.299937
8.299937
7.998585
7.649393
7.243473
6.807323
6.35507
5.428826
5.008491
4.770777
4.644201
4.540908
4.521808
4.511629
4.506207
4.503317
4.500966
4.500535
4.500301
4.500158
4.500122
4.50005
4.499745
4.499907
4.499907
4.500176
4.500194
4.500086
4.500014
4.500014
4.500014
4.500014
4.500014
4.500014
4.500014
4.500014
4.500014
4.500014
4.500014
4.500014
4.500014
4.500014
4.500014
4.500014
4.500014
4.500014
4.500014
4.500014
4.500014
4.500014
4.500014
4.500014
4.558734
4.801331
5.150541
5.992647
6.444918
6.905769
7.37118
7.791586
8.155912
8.223285
8.25917
8.278234
8.28843
8.296742
8.298286
8.299094
8.299524
8.299884
8.299902
8.299902
8.299902
8.299902
8.299902
8.299776
8.299812
8.299848
8.299902
8.299902
8.299902
8.299937
8.299937
8.299937
8.299937
8.299937
8.299937
8.299937
8.299937
8.299937
8.299937
8.299937
8.299937
7.998585
7.649393
7.243473
6.807341
6.355124
5.456507
5.196479
5.057948
4.984149
4.923885
4.912738
4.906796
4.903618
4.901931
4.900548
4.900297
4.900154
4.9001
4.900082
4.900064
4.900064
4.900064
4.900064
4.900064
4.900064
4.900064
4.900064
4.900064
4.900064
4.900064
4.900064
4.900064
4.900064
4.900064
4.900064
4.900064
4.900064
4.900064
4.900064
4.900064
4.900064
4.900064
4.900064
4.900064
4.900064
4.900064
4.900064
4.900064
4.900064
4.900064
4.900064
4.900064
4.900064
4.900064
4.900064
4.900064
4.900064
4.900064
4.900064
4.900064
4.958909
5.201524
5.956618
6.392715
6.844931
7.305747
7.743763
8.142359
8.216068
8.255328
8.276241
8.287372
8.296401
8.298088
8.298986
8.299471
8.299722
8.299902
8.299902
8.299902
8.299902
8.299902
8.299794
8.299866
8.299884
8.299919
8.299919
8.299919
8.299919
8.299919
8.299919
8.299919
8.299919
8.299919
8.299919
8.299919
8.299919
8.299919
8.299919
8.241164
7.998585
7.243473
6.807323
6.355052
5.894237
5.437047
4.980648
4.896222
4.851236
4.827271
4.807757
4.804131
4.802192
4.801187
4.800631
4.800343
4.800128
4.800128
4.800128
4.800128
4.800128
4.800128
4.800128
4.800128
4.800128
4.800128
4.800128
4.800128
4.800128
4.800128
4.800128
4.800128
4.800128
4.800128
4.800128
4.800128
4.800128
4.800128
4.800128
4.800128
4.800128
4.800128
4.800128
4.800128
4.800128
4.800128
4.800128
4.800128
4.858793
5.450529
5.856467
6.292653
6.744923
7.205757
7.960887
8.119471
8.203897
8.248865
8.272795
8.29229
8.295917
8.297855
8.298861
8.299399
8.299829
8.299902
8.299902
8.299902
8.299902
8.299902
8.299794
8.299866
8.299902
8.299902
8.299902
8.299902
8.299902
8.299902
8.299902
8.299902
8.299902
8.299902
8.299902
8.299902
8.299902
8.299902
8.299902
8.299902
8.241164
7.649393
7.243473
6.807323
6.35507
5.894237
5.008491
4.770777
4.644201
4.576811
4.540908
4.511611
4.50619
4.5033
4.501756
4.500948
4.500284
4.50014
4.500122
4.50014
4.499781
4.499871
4.499638
4.499476
4.499584
4.499691
4.499781
4.499781
4.499781
4.499781
4.499835
4.499889
4.499889
4.499889
4.499889
4.499907
4.499907
4.499907
4.499907
4.499907
4.499907
4.499907
4.499907
4.499907
4.499907
4.499907
4.499907
4.499907
4.499907
4.499907
4.499907
4.558662
4.801259
5.556461
5.992647
6.444918
6.905769
7.791586
8.029336
8.155912
8.223285
8.25917
8.28843
8.293852
8.296742
8.298286
8.299094
8.29974
8.299884
8.299902
8.299902
8.299902
8.299902
8.299902
8.299794
8.299866
8.299919
8.299919
8.299919
8.299919
8.299919
8.299919
8.299919
8.299919
8.299919
8.299919
8.299919
8.299919
8.299919
8.299919
8.299919
8.241164
7.998568
7.649393
7.243473
6.355142
5.894381
5.456507
5.196479
5.057948
4.944835
4.923885
4.912738
4.906796
4.903618
4.901033
4.900548
4.900297
4.900154
4.9001
4.900082
4.900064
4.900064
4.900064
4.900064
4.900064
4.900064
4.900064
4.900064
4.900064
4.900064
4.900064
4.900064
4.900064
4.900064
4.900064
4.900064
4.900064
4.900064
4.900064
4.900064
4.900064
4.900064
4.900064
4.900064
4.900064
4.900064
4.900064
4.900064
4.900064
4.900064
4.900064
4.900064
4.900064
4.900064
4.900064
4.900064
4.900064
4.900064
4.900064
4.900064
4.958909
5.550716
5.956618
6.392715
6.844931
7.305747
8.003881
8.142359
8.216068
8.255328
8.287372
8.293278
8.296401
8.298088
8.298986
8.299722
8.299866
8.299902
8.299902
8.299902
8.299902
8.299902
8.299794
8.299866
8.299884
8.299919
8.299919
8.299919
8.299919
8.299919
8.299919
8.299919
8.299919
8.299919
8.299919
8.299919
8.299919
8.299919
8.241164
7.998585
7.649393
6.807323
6.355052
5.894237
5.437047
4.980648
4.896222
4.851254
4.827289
4.807775
4.804149
4.80221
4.800631
4.800343
4.8002
4.800128
4.800128
4.800128
4.800128
4.800128
4.800128
4.800128
4.800128
4.800128
4.800128
4.800128
4.800128
4.800128
4.800128
4.800128
4.800128
4.800128
4.800128
4.800128
4.800128
4.800128
4.800128
4.800128
4.800128
4.800128
4.800128
4.800128
4.800128
4.800128
4.858793
5.101336
5.450529
6.292653
6.744923
7.205757
7.663
7.960887
8.203897
8.248865
8.272795
8.285522
8.29229
8.297855
8.298861
8.299399
8.299686
8.299829
8.299902
8.299902
8.299902
8.299902
8.299902
8.299812
8.299794
8.299866
8.299937
8.299937
8.299937
8.299937
8.299937
8.299937
8.299937
8.299937
8.299937
8.299937
8.299937
8.299937
8.299937
8.299937
8.241182
7.649393
7.243473
6.807323
6.35507
5.894237
5.008491
4.770777
4.644201
4.576811
4.540908
4.511629
4.506207
4.503317
4.501774
4.500966
4.500535
4.500158
4.500122
4.500104
4.500301
4.500014
4.500014
4.500014
4.500014
4.500014
4.500032
4.500014
4.500014
4.500014
4.500014
4.500014
4.500014
4.500014
4.500014
4.500014
4.500014
4.500014
4.500014
4.500014
4.500014
4.500014
4.500014
4.500014
4.500014
4.500014
4.500014
4.500014
4.500014
4.500014
4.558734
4.801331
5.150541
5.556479
6.444918
6.905769
7.37118
7.791586
8.029336
8.223285
8.25917
8.278234
8.28843
8.293852
8.298286
8.299094
8.299524
8.29974
8.299884
8.299902
8.299902
8.299902
8.299902
8.299902
8.299812
8.299776
8.299812
8.299919
8.299919
8.299919
8.299919
8.299919
8.299919
8.299919
8.299919
8.299919
8.299919
8.299919
8.299919
8.299919
8.299919
8.241164
7.998568
7.243473
6.807341
6.355124
5.894381
5.456507
5.057948
4.984149
4.944835
4.923885
4.906796
4.903618
4.901931
4.901033
4.900548
4.900154
4.9001
4.9001
4.9001
4.9001
4.9001
4.9001
4.9001
4.9001
4.9001
4.9001
4.9001
4.9001
4.9001
4.9001
4.9001
4.9001
4.9001
4.9001
4.9001
4.9001
4.9001
4.9001
4.9001
4.9001
4.9001
4.9001
4.9001
4.9001
4.9001
4.9001
4.9001
4.9001
4.9001
4.9001
4.9001
4.9001
4.9001
4.9001
4.9001
4.9001
4.9001
4.9001
4.9001
4.958927
5.201524
5.550716
5.956618
6.392715
7.305747
7.743763
8.003881
8.142359
8.216068
8.276241
8.287372
8.293278
8.296401
8.298088
8.299471
8.299722
8.299866
8.299902
8.299902
8.299902
8.299902
8.299902
8.299794
8.299884
8.299919
8.299919
8.299919
8.299919
8.299919
8.299919
8.299919
8.299919
8.299919
8.299919
8.299919
8.299919
8.299919
8.299919
8.299919
8.241164
7.998585
7.649393
6.807323
6.355052
5.894237
5.437047
5.139232
4.896222
4.851254
4.827289
4.814543
4.807775
4.80221
4.801187
4.800631
4.800343
4.8002
4.800128
4.800128
4.800128
4.800128
4.800128
4.800128
4.800128
4.800128
4.800128
4.800128
4.800128
4.800128
4.800128
4.800128
4.800128
4.800128
4.800128
4.800128
4.800128
4.800128
4.800128
4.800128
4.800128
4.800128
4.800128
4.800128
4.800128
4.800128
4.800128
4.800128
4.800128
4.858793
5.101336
5.450529
6.292653
6.744923
7.205757
7.663
8.119471
8.203897
8.248865
8.272795
8.285522
8.295917
8.297855
8.298861
8.299399
8.299686
8.299902
8.299902
8.299902
8.299902
8.299902
8.299776
8.299812
8.299794
8.299866
8.299937
8.299937
8.299937
8.299937
8.299937
8.299937
8.299937
8.299937
8.299937
8.299937
8.299937
8.299937
8.299937
8.299937
8.241182
7.649393
7.243473
6.807323
6.35507
5.428826
5.008491
4.770777
4.644201
4.576811
4.521808
4.511629
4.506207
4.503317
4.501774
4.500966
4.500301
4.500158
4.500122
4.500086
4.499907
4.499943
4.499925
4.499835
4.499853
4.499907
4.499907
4.499907
4.499907
4.499925
4.499925
4.499925
4.499925
4.499925
4.499925
4.499925
4.499925
4.499925
4.499925
4.499925
4.499925
4.499925
4.499925
4.499925
4.499925
4.499925
4.499925
4.499925
4.499925
4.499925
4.499925
4.558662
5.150487
5.556461
5.992647
6.444918
6.905769
7.791586
8.029336
8.155912
8.223285
8.278234
8.28843
8.293852
8.296742
8.299094
8.299524
8.29974
8.299884
8.299902
8.299902
8.299902
8.299902
8.299902
8.299776
8.299829
8.299919
8.299937
8.299937
8.299937
8.299937
8.299937
8.299937
8.299937
8.299937
8.299937
8.299937
8.299937
8.299937
8.299937
8.299937
7.998585
7.649393
7.243473
6.807341
6.355124
5.456507
5.196479
5.057948
