0
0
0
0
0
0
0
0
0
0
0
0
0
0
0
0
0
0
0
0
0
0
0
0
0
0
0
0
0
0
0
0
0
0
0
0
0
0
0
0
0
0
0
0
0
0
0
0
0
0
0
0
0
0
0
0
0
0
0
0
0
0
0
0
0
0
0
0
0
0
0
0
0
0
0
0
0
0
0
0
0
0
0
0.05871942
0.3012803
0.6504912
1.492633
1.944903
2.405737
2.871148
3.808091
4.2779
4.748068
5.218434
5.688908
6.630016
7.100633
7.571214
7.911969
8.093441
8.241451
8.268809
8.283404
8.29116
8.297478
8.298663
8.299292
8.299632
8.299794
8.299902
8.299902
8.299902
8.299902
8.299902
8.299848
8.299884
8.299919
8.299919
8.299919
8.299919
8.299919
8.299919
8.299919
8.299919
8.299919
8.299919
8.299919
8.299919
8.299919
8.299919
8.241164
7.998585
7.243473
6.807323
6.355052
5.894237
5.428826
4.491918
4.022109
3.603193
3.367956
3.176018
3.140492
3.121571
3.111501
3.106151
3.101753
3.100945
3.100514
3.100281
3.100119
3.100119
3.100119
3.100119
3.100119
3.100119
3.100119
3.100119
3.100119
3.100119
3.100119
3.100119
3.100119
3.100119
3.100119
3.100119
3.100119
3.100119
3.100119
3.100119
3.100119
3.100119
3.100119
3.100119
3.100119
3.100119
3.100119
3.100119
3.100119
3.100119
3.100119
3.100119
3.158785
3.401328
4.156458
4.592644
5.044933
5.505766
6.438993
6.908103
7.377912
7.7969
8.157438
8.224111
8.259619
8.278522
8.288574
8.296778
8.298304
8.299094
8.299524
8.29974
8.299902
8.299902
8.299902
8.299902
8.299902
8.299758
8.299794
8.299776
8.299848
8.299919
8.299919
8.299919
8.299919
8.299919
8.299919
8.299919
8.299919
8.299919
8.299919
8.299919
8.299919
8.299919
8.299919
7.998568
7.649393
7.243473
6.807323
6.35507
5.428826
4.96101
4.491918
4.083073
3.737003
3.67297
3.638862
3.620713
3.611037
3.603157
3.601702
3.600913
3.600482
3.600123
3.600123
3.600123
3.600123
3.600123
3.600123
3.600123
3.600123
3.600123
3.600123
3.600123
3.600123
3.600123
3.600123
3.600123
3.600123
3.600123
3.600123
3.600123
3.600123
3.600123
3.600123
3.600123
3.600123
3.600123
3.600123
3.600123
3.600123
3.600123
3.600123
3.600123
3.658788
3.901331
4.250524
5.092648
5.544918
6.005752
6.47118
7.408106
7.817024
8.042908
8.163129
8.261234
8.279347
8.289023
8.294175
8.298358
8.299129
8.299542
8.299902
8.299902
8.299902
8.299902
8.299902
8.299902
8.299776
8.299812
8.299848
8.299919
8.299919
8.299919
8.299919
8.299919
8.299919
8.299919
8.299919
8.299919
8.299919
8.299919
8.299919
8.299919
8.299919
8.299919
7.998568
7.649393
7.243473
6.807341
6.355142
5.429005
4.961207
4.492098
4.022289
3.200827
3.013539
2.913764
2.86061
2.8323
2.809161
2.804888
2.802591
2.801388
2.800401
2.800221
2.800113
2.800113
2.800113
2.800113
2.800113
2.800113
2.800113
2.800113
2.800113
2.800113
2.800113
2.800113
2.800113
2.800113
2.800113
2.800113
2.800113
2.800113
2.800113
2.800113
2.800113
2.800113
2.800113
2.800113
2.800113
2.800113
2.800113
2.800113
2.800113
2.800113
2.800113
2.800113
2.800113
2.800113
2.800113
2.800113
2.800113
2.800113
2.800113
2.800113
2.800113
2.800113
2.800113
2.800113
3.101537
3.45073
3.856614
4.29271
4.744927
5.671171
6.138988
6.608097
7.077906
7.899547
8.086817
8.18652
8.239602
8.267859
8.290926
8.295162
8.297442
8.298645
8.299292
8.299794
8.299902
8.299902
8.299902
8.299902
8.299902
8.299794
8.299848
8.299884
8.299919
8.299919
8.299919
8.299919
8.299919
8.299919
8.299919
8.299919
8.299919
8.299919
8.299919
8.299919
8.299919
8.299919
8.241164
7.998585
7.649393
6.807323
6.355052
5.894237
5.428826
4.96101
4.022109
3.603193
3.367956
3.24269
3.140492
3.121571
3.111501
3.106151
3.103297
3.100945
3.100514
3.100281
3.100137
3.100119
3.100119
3.100119
3.100119
3.100119
3.100119
3.100119
3.100119
3.100119
3.100119
3.100119
3.100119
3.100119
3.100119
3.100119
3.100119
3.100119
3.100119
3.100119
3.100119
3.100119
3.100119
3.100119
3.100119
3.100119
3.100119
3.100119
3.100119
3.100119
3.100119
3.100119
3.100119
3.158785
3.401328
3.750521
4.592644
5.044933
5.505766
5.971177
6.908103
7.377912
7.7969
8.03219
8.157438
8.224111
8.278522
8.288574
8.293923
8.296778
8.299094
8.299524
8.29974
8.299884
8.299902
8.299902
8.299902
8.299902
8.299902
8.299812
8.299794
8.299866
8.299937
8.299937
8.299937
8.299937
8.299937
8.299937
8.299937
8.299937
8.299937
8.299937
8.299937
8.299937
8.299937
8.241182
7.998585
7.649393
6.807323
6.35507
5.894237
5.428826
4.96101
4.083073
3.857242
3.737003
3.67297
3.638862
3.611037
3.605885
3.603157
3.601702
3.600913
3.600266
3.600123
3.600123
3.600123
3.600123
3.600123
3.600123
3.600123
3.600123
3.600123
3.600123
3.600123
3.600123
3.600123
3.600123
3.600123
3.600123
3.600123
3.600123
3.600123
3.600123
3.600123
3.600123
3.600123
3.600123
3.600123
3.600123
3.600123
3.600123
3.600123
3.600123
3.600123
3.600123
3.600123
3.658788
3.901331
4.656462
5.092648
5.544918
6.005752
6.47118
7.408106
7.817024
8.042908
8.163129
8.227162
8.279347
8.289023
8.294175
8.296904
8.299129
8.299542
8.299758
8.299902
8.299902
8.299902
8.299902
8.299902
8.299776
8.299812
8.299919
8.299919
8.299919
8.299919
8.299919
8.299919
8.299919
8.299919
8.299919
8.299919
8.299919
8.299919
8.299919
8.299919
8.241164
7.998568
7.243473
6.807341
6.355142
5.894381
4.961207
4.492098
4.022289
3.55212
3.200827
2.913764
2.86061
2.8323
2.817203
2.809161
2.802591
2.801388
2.800742
2.800401
2.800113
2.800113
2.800113
2.800113
2.800113
2.800113
2.800113
2.800113
2.800113
2.800113
2.800113
2.800113
2.800113
2.800113
2.800113
2.800113
2.800113
2.800113
2.800113
2.800113
2.800113
2.800113
2.800113
2.800113
2.800113
2.800113
2.800113
2.800113
2.800113
2.800113
2.800113
2.800113
2.800113
2.800113
2.800113
2.800113
2.800113
2.800113
2.800113
2.800113
2.800113
2.800113
2.800113
2.858941
3.101537
3.45073
3.856614
4.744927
5.205742
5.671171
6.138988
6.608097
7.548074
7.899547
8.086817
8.18652
8.239602
8.282902
8.290926
8.295162
8.297442
8.298645
8.299632
8.299794
8.299902
8.299902
8.299902
8.299902
8.299902
8.299794
8.299848
8.299919
8.299919
8.299919
8.299919
8.299919
8.299919
8.299919
8.299919
8.299919
8.299919
8.299919
8.299919
8.299919
8.299919
8.299919
8.241164
7.998585
7.649393
6.807323
6.355052
5.894237
5.428826
4.96101
4.022109
3.603193
3.367956
3.24269
3.140492
3.121571
3.111501
3.106151
3.103297
3.100945
3.100514
3.100281
3.100137
3.100119
3.100119
3.100119
3.100119
3.100119
3.100119
3.100119
3.100119
3.100119
3.100119
3.100119
3.100119
3.100119
3.100119
3.100119
3.100119
3.100119
3.100119
3.100119
3.100119
3.100119
3.100119
3.100119
3.100119
3.100119
3.100119
3.100119
3.100119
3.100119
3.100119
3.100119
3.100119
3.158785
3.401328
3.750521
4.156458
5.044933
5.505766
5.971177
6.438993
6.908103
7.7969
8.03219
8.157438
8.224111
8.259619
8.288574
8.293923
8.296778
8.298304
8.299524
8.29974
8.299884
8.299902
8.299902
8.299902
8.299902
8.299902
8.299776
8.299794
8.299866
8.299937
8.299937
8.299937
8.299937
8.299937
8.299937
8.299937
8.299937
8.299937
8.299937
8.299937
8.299937
8.299937
8.299937
8.241182
7.998585
7.649393
6.807323
6.35507
5.894237
5.428826
4.96101
4.083073
3.857242
3.737003
3.67297
3.638862
3.611037
3.605885
3.603157
3.601702
3.600482
3.600266
3.600123
3.600123
3.600123
3.600123
3.600123
3.600123
3.600123
3.600123
3.600123
3.600123
3.600123
3.600123
3.600123
3.600123
3.600123
3.600123
3.600123
3.600123
3.600123
3.600123
3.600123
3.600123
3.600123
3.600123
3.600123
3.600123
3.600123
3.600123
3.600123
3.600123
3.600123
3.600123
3.600123
3.658788
3.901331
4.656462
5.092648
5.544918
6.005752
6.47118
7.408106
7.817024
8.042908
8.163129
8.261234
8.279347
8.289023
8.294175
8.298358
8.299129
8.299542
8.299758
8.299902
8.299902
8.299902
8.299902
8.299902
8.299902
8.299812
8.299829
8.299902
8.299919
8.299919
8.299919
8.299919
8.299919
8.299919
8.299919
8.299919
8.299919
8.299919
8.299919
8.299919
8.299919
8.241164
7.998568
7.649393
6.807341
6.355142
5.894381
5.429005
4.492098
4.022289
3.55212
3.200827
3.013539
2.86061
2.8323
2.817203
2.809161
2.802591
2.801388
2.800742
2.800401
2.800221
2.800113
2.800113
2.800113
2.800113
2.800113
2.800113
2.800113
2.800113
2.800113
2.800113
2.800113
2.800113
2.800113
2.800113
2.800113
2.800113
2.800113
2.800113
2.800113
2.800113
2.800113
2.800113
2.800113
2.800113
2.800113
2.800113
2.800113
2.800113
2.800113
2.800113
2.800113
2.800113
2.800113
2.800113
2.800113
2.800113
2.800113
2.800113
2.800113
2.800113
2.800113
2.800113
2.858941
3.101537
3.45073
3.856614
4.744927
5.205742
5.671171
6.138988
7.077906
7.548074
7.899547
8.086817
8.18652
8.267859
8.282902
8.290926
8.295162
8.298645
8.299292
8.299632
8.299794
8.299902
8.299902
8.299902
8.299902
8.299902
8.299794
8.299884
8.299919
8.299919
8.299919
8.299919
8.299919
8.299919
8.299919
8.299919
8.299919
8.299919
8.299919
8.299919
8.299919
8.299919
8.241164
7.998585
7.649393
6.807323
6.355052
5.894237
5.428826
4.96101
4.022109
3.603193
3.367956
3.24269
3.140492
3.121571
3.111501
3.106151
3.103297
3.100945
3.100514
3.100281
3.100137
3.100119
3.100119
3.100119
3.100119
3.100119
3.100119
3.100119
3.100119
3.100119
3.100119
3.100119
3.100119
3.100119
3.100119
3.100119
3.100119
3.100119
3.100119
3.100119
3.100119
3.100119
3.100119
3.100119
3.100119
3.100119
3.100119
3.100119
3.100119
3.100119
3.100119
3.100119
3.100119
3.158785
3.401328
4.156458
4.592644
5.044933
5.505766
5.971177
6.908103
7.377912
7.7969
8.03219
8.157438
8.259619
8.278522
8.288574
8.293923
8.298304
8.299094
8.299524
8.29974
8.299902
8.299902
8.299902
8.299902
8.299902
8.299776
8.299812
8.299829
8.299902
8.299937
8.299937
8.299937
8.299937
8.299937
8.299937
8.299937
8.299937
8.299937
8.299937
8.299937
8.299937
8.299937
8.299937
7.998585
7.649393
7.243473
6.807323
6.35507
5.428826
4.96101
4.491918
4.083073
3.857242
3.67297
3.638862
3.620713
3.611037
3.605885
3.601702
3.600913
3.600482
3.600266
3.600123
3.600123
3.600123
3.600123
3.600123
3.600123
3.600123
3.600123
3.600123
3.600123
3.600123
3.600123
3.600123
3.600123
3.600123
3.600123
3.600123
3.600123
3.600123
3.600123
3.600123
3.600123
3.600123
3.600123
3.600123
3.600123
3.600123
3.600123
3.600123
3.600123
