0
0
0
0
0
0
0
0
0
0
0
0
0
0
0
0
0
0
0
0
0
0
0
0
0
0
0
0
0
0
0
0
0
0
0
0
0
0
0
0
0
0
0
0
0
0
0
0
0
0
0
0
0
0
0
0
0
0
0
0
0
0
0
0
0
0
0
0
0
0
0
0
0
0
0
0
0
0
0
0
0
0
0.3012803
0.6504912
1.056447
1.492633
1.944903
2.871148
3.338982
3.808091
4.2779
4.748068
5.688908
6.159435
6.630016
7.100633
7.571214
8.093441
8.190021
8.241451
8.268809
8.283404
8.29116
8.297478
8.298663
8.299292
8.299632
8.299794
8.299902
8.299902
8.299902
8.299902
8.299902
8.299794
8.299866
8.299919
8.299919
8.299919
8.299919
8.299919
8.299919
8.299919
8.299919
8.299919
8.299919
8.299919
8.299919
8.299919
8.299919
8.241164
7.998585
7.649393
7.243473
6.807323
6.355052
5.428826
4.96101
4.491918
4.022109
3.551941
3.081575
2.140575
1.71559
1.474538
1.346202
1.277861
1.222067
1.211763
1.20627
1.203362
1.2018
1.200956
1.200508
1.200131
1.200113
1.200113
1.200113
1.200113
1.200113
1.200113
1.200113
1.200113
1.200113
1.200113
1.200113
1.200113
1.200113
1.200113
1.200113
1.200113
1.200113
1.200113
1.200113
1.200113
1.200113
1.200113
1.200113
1.200113
1.200113
1.200113
1.200113
1.200113
1.200113
1.200113
1.200113
1.501321
1.850532
2.25647
2.692656
3.144926
3.60576
4.071171
4.538987
5.477887
5.948073
6.418439
6.888912
7.35944
7.784496
8.153902
8.222225
8.258595
8.277983
8.288287
8.29667
8.298232
8.299058
8.299507
8.299884
8.299902
8.299902
8.299902
8.299902
8.299902
8.299758
8.299794
8.299812
8.299937
8.299937
8.299937
8.299937
8.299937
8.299937
8.299937
8.299937
8.299937
8.299937
8.299937
8.299937
8.299937
8.299937
8.241182
7.998585
7.649393
7.243473
6.807323
5.894255
5.428826
4.961027
4.491918
4.022109
3.081575
2.611102
2.195614
1.963914
1.840533
1.739843
1.721209
1.7113
1.706004
1.701732
1.700924
1.700493
1.700278
1.700134
1.700116
1.700116
1.700116
1.700116
1.700116
1.700116
1.700116
1.700116
1.700116
1.700116
1.700116
1.700116
1.700116
1.700116
1.700116
1.700116
1.700116
1.700116
1.700116
1.700116
1.700116
1.700116
1.700116
1.700116
1.700116
1.700116
1.700116
1.700116
1.700116
1.758782
2.001343
2.350554
2.756491
3.644912
4.105745
4.571174
5.03899
5.977891
6.448077
6.918443
7.388916
7.804493
8.159556
8.225224
8.260211
8.278827
8.288735
8.296832
8.298304
8.299094
8.299524
8.29974
8.299902
8.299902
8.299902
8.299902
8.299902
8.299776
8.299812
8.299848
8.299919
8.299919
8.299919
8.299919
8.299919
8.299919
8.299919
8.299919
8.299919
8.299919
8.299919
8.299919
8.299919
8.299919
8.299919
8.241164
7.649393
7.243491
6.807359
5.894398
5.429005
4.961207
4.492098
3.55212
3.081755
2.611281
2.148168
1.845326
1.598008
1.552214
1.527818
1.514821
1.507892
1.502273
1.501214
1.500657
1.500334
1.5001
1.5001
1.5001
1.5001
1.5001
1.5001
1.5001
1.5001
1.5001
1.5001
1.5001
1.5001
1.5001
1.5001
1.5001
1.5001
1.5001
1.5001
1.5001
1.5001
1.5001
1.5001
1.5001
1.5001
1.5001
1.5001
1.5001
1.5001
1.5001
1.5001
1.5001
1.5001
1.5001
1.5001
1.5001
1.5001
1.5001
1.5001
1.5001
1.5001
1.5001
1.5001
1.5001
1.801524
2.150681
2.556583
2.992697
3.905729
4.371159
4.838975
5.308102
5.777911
6.718445
7.188918
7.65205
7.955071
8.116384
8.24795
8.272292
8.285235
8.292147
8.295809
8.298806
8.299363
8.299686
8.299829
8.299902
8.299902
8.299902
8.299902
8.299902
8.299848
8.299884
8.299919
8.299919
8.299919
8.299919
8.299919
8.299919
8.299919
8.299919
8.299919
8.299919
8.299919
8.299919
8.299919
8.299919
8.299919
8.241164
7.998585
7.649393
6.807323
6.355052
5.894237
5.428826
4.491918
4.022109
3.551941
3.081575
2.611102
1.71559
1.474538
1.346202
1.277861
1.222067
1.211763
1.20627
1.203362
1.2018
1.200508
1.200274
1.200131
1.200113
1.200113
1.200113
1.200113
1.200113
1.200113
1.200113
1.200113
1.200113
1.200113
1.200113
1.200113
1.200113
1.200113
1.200113
1.200113
1.200113
1.200113
1.200113
1.200113
1.200113
1.200113
1.200113
1.200113
1.200113
1.200113
1.200113
1.200113
1.200113
1.200113
1.501321
1.850532
2.25647
2.692656
3.144926
4.071171
4.538987
5.008078
5.477887
6.418439
6.888912
7.35944
7.784496
8.025549
8.222225
8.258595
8.277983
8.288287
8.293762
8.298232
8.299058
8.299507
8.29974
8.299884
8.299902
8.299902
8.299902
8.299902
8.299902
8.299866
8.299902
8.299902
8.299902
8.299902
8.299902
8.299902
8.299902
8.299902
8.299902
8.299902
8.299902
8.299902
8.299902
8.299902
8.299902
8.241164
7.998568
7.649393
7.243473
6.35507
5.894237
5.428826
4.96101
4.022109
3.551941
3.081575
2.611102
1.963914
1.840533
1.774831
1.739843
1.721209
1.706004
1.703204
1.701714
1.700924
1.700493
1.700134
1.700116
1.700116
1.700116
1.700116
1.700116
1.700116
1.700116
1.700116
1.700116
1.700116
1.700116
1.700116
1.700116
1.700116
1.700116
1.700116
1.700116
1.700116
1.700116
1.700116
1.700116
1.700116
1.700116
1.700116
1.700116
1.700116
1.700116
1.700116
1.700116
1.700116
1.758782
2.001343
2.756491
3.192641
3.644912
4.105745
4.571174
5.508082
5.977891
6.448077
6.918443
7.388916
8.03623
8.159556
8.225224
8.260211
8.278827
8.294031
8.296832
8.298304
8.299094
8.299524
8.299884
8.299902
8.299902
8.299902
8.299902
8.299866
8.299902
8.299902
8.299902
8.299902
8.299902
8.299902
8.299902
8.299902
8.299902
8.299902
8.299902
8.299902
8.299902
8.299902
8.299902
8.299902
7.998585
7.649393
7.243491
6.807359
6.35516
5.429005
4.961207
4.492098
4.022289
3.55212
3.081755
2.148168
1.845326
1.683978
1.598008
1.552214
1.527818
1.507892
1.504229
1.502273
1.501214
1.500657
1.500334
1.5001
1.5001
1.5001
1.5001
1.5001
1.5001
1.5001
1.5001
1.5001
1.5001
1.5001
1.5001
1.5001
1.5001
1.5001
1.5001
1.5001
1.5001
1.5001
1.5001
1.5001
1.5001
1.5001
1.5001
1.5001
1.5001
1.5001
1.5001
1.5001
1.5001
1.5001
1.5001
1.5001
1.5001
1.5001
1.5001
1.5001
1.5001
1.5001
1.5001
1.5001
1.5001
1.5001
1.5001
1.558928
2.150681
2.556583
2.992697
3.444914
3.905729
4.838975
5.308102
5.777911
6.248079
7.188918
7.65205
7.955071
8.116384
8.202246
8.24795
8.285235
8.292147
8.295809
8.298806
8.299363
8.299686
8.299829
8.299902
8.299902
8.299902
8.299902
8.299902
8.299794
8.299848
8.299919
8.299919
8.299919
8.299919
8.299919
8.299919
8.299919
8.299919
8.299919
8.299919
8.299919
8.299919
8.299919
8.299919
8.299919
8.241164
7.998585
7.649393
7.243473
6.807323
5.894237
5.428826
4.96101
4.491918
4.022109
3.081575
2.611102
2.140575
1.71559
1.474538
1.277861
1.241455
1.222067
1.20627
1.203362
1.2018
1.200956
1.200508
1.200131
1.200113
1.200113
1.200113
1.200113
1.200113
1.200113
1.200113
1.200113
1.200113
1.200113
1.200113
1.200113
1.200113
1.200113
1.200113
1.200113
1.200113
1.200113
1.200113
1.200113
1.200113
1.200113
1.200113
1.200113
1.200113
1.200113
1.200113
1.200113
1.200113
1.258778
1.501321
1.850532
2.692656
3.144926
3.60576
4.071171
4.538987
5.477887
5.948073
6.418439
6.888912
7.35944
7.784496
8.153902
8.222225
8.258595
8.277983
8.293762
8.29667
8.298232
8.299058
8.299507
8.299884
8.299902
8.299902
8.299902
8.299902
8.299902
8.299776
8.299812
8.299776
8.299848
8.299919
8.299919
8.299919
8.299919
8.299919
8.299919
8.299919
8.299919
8.299919
8.299919
8.299919
8.299919
8.299919
8.299919
7.998568
7.649393
7.243473
6.807323
6.35507
5.894255
5.428826
4.961027
4.491918
3.551941
3.081575
2.611102
2.195614
1.963914
1.840533
1.739843
1.721209
1.7113
1.706004
1.703204
1.700924
1.700493
1.700278
1.700134
1.700116
1.700116
1.700116
1.700116
1.700116
1.700116
1.700116
1.700116
1.700116
1.700116
1.700116
1.700116
1.700116
1.700116
1.700116
1.700116
1.700116
1.700116
1.700116
1.700116
1.700116
1.700116
1.700116
1.700116
1.700116
1.700116
1.700116
1.700116
1.700116
1.700116
1.758782
2.001343
2.350554
3.192641
3.644912
4.105745
4.571174
5.03899
5.977891
6.448077
6.918443
7.388916
8.03623
8.159556
8.225224
8.260211
8.278827
8.294031
8.296832
8.298304
8.299094
8.29974
8.299884
8.299902
8.299902
8.299902
8.299902
8.299902
8.299776
8.299812
8.299812
8.299937
8.299937
8.299937
8.299937
8.299937
8.299937
8.299937
8.299937
8.299937
8.299937
8.299937
8.299937
8.299937
8.299937
8.241182
7.998585
7.649393
7.243491
6.807359
5.894398
5.429005
4.961207
4.492098
4.022289
3.081755
2.611281
2.148168
1.845326
1.683978
1.552214
1.527818
1.514821
1.507892
1.504229
1.501214
1.500657
1.500334
1.50019
1.5001
1.5001
1.5001
1.5001
1.5001
1.5001
1.5001
1.5001
1.5001
1.5001
1.5001
1.5001
1.5001
1.5001
1.5001
1.5001
1.5001
1.5001
1.5001
1.5001
1.5001
1.5001
1.5001
1.5001
1.5001
1.5001
1.5001
1.5001
1.5001
1.5001
1.5001
1.5001
1.5001
1.5001
1.5001
1.5001
1.5001
1.5001
1.5001
1.5001
1.5001
1.5001
1.5001
1.5001
1.5001
1.5001
1.5001
1.5001
1.5001
1.5001
1.5001
1.5001
1.5001
1.5001
1.5001
1.5001
1.5001
1.5001
1.5001
1.5001
1.5001
1.5001
1.5001
1.5001
1.5001
1.5001
1.5001
1.5001
1.5001
1.5001
1.5001
1.5001
1.5001
1.5001
1.5001
1.5001
1.5001
1.5001
1.5001
1.5001
1.5001
1.5001
1.5001
1.5001
1.5001
1.5001
1.5001
1.5001
1.5001
1.5001
1.5001
1.5001
1.5001
1.5001
1.5001
1.5001
1.5001
1.801524
2.150681
2.556583
2.992697
3.444914
3.905729
4.838975
5.308102
5.777911
6.248079
6.718445
7.188918
7.955071
8.116384
8.202246
8.24795
8.272292
8.285235
8.295809
8.297766
8.298806
8.299363
8.299686
8.299829
8.299902
8.299902
8.299902
8.299902
8.299902
8.299794
8.299884
8.299919
8.299919
8.299919
8.299919
8.299919
8.299919
8.299919
8.299919
8.299919
8.299919
8.299919
8.299919
8.299919
8.299919
8.299919
7.998585
7.649393
7.243473
6.807323
6.355052
5.428826
4.96101
4.491918
4.022109
3.551941
2.611102
2.140575
1.71559
1.474538
1.346202
1.241455
1.222067
1.211763
1.20627
1.203362
1.200956
1.200508
1.200274
1.200131
1.200113
1.200113
1.199933
1.199897
1.199915
1.200005
1.200149
1.200149
1.200418
1.200741
1.200849
1.200418
1.200346
1.20031
1.200292
