0
0
0
0
0
0
0
0
0
0
0
0
0
0
0
0
0
0
0
0
0
0
0
0
0
0
0
0
0
0
0
0
0
0
0
0
0
0
0
0
0
0
0
0
0
0
0
0
0
0
0
0
0
0
0
0
0
0
0
0
0
0
0
0
0
0
0
0
0
0
0
0
0
0
0
0
0
0
0
0
0.1001434
1.106461
1.796585
2.538071
3.3069
4.090332
5.097473
5.285645
5.385834
5.439194
5.467621
5.490814
5.495102
5.497375
5.498596
5.499252
5.499786
5.499908
5.499908
5.499908
5.499908
5.499908
5.499908
5.499908
5.499908
5.499908
5.499908
5.499908
5.499908
5.499908
5.499908
5.499908
5.499908
5.499908
5.499908
5.499908
5.499908
5.499908
5.499908
5.499908
5.499908
5.499908
5.499908
5.499908
5.499908
5.499908
5.499908
5.499908
5.593079
5.736557
5.853622
5.875305
5.886856
5.893021
5.896286
5.898956
5.899445
5.899719
5.899841
5.899918
5.899918
5.899918
5.899918
5.899918
5.899918
5.899918
5.899918
5.899918
5.899918
5.899918
5.899918
5.899918
5.899918
5.899918
5.899918
5.899918
5.899918
5.899918
5.899918
5.899918
5.899918
5.899918
5.899918
5.899918
5.899918
5.899918
5.899918
5.899918
5.899918
5.899918
5.899918
5.899918
5.899918
5.899918
5.899918
5.899918
5.899918
5.899918
5.899918
5.899918
5.899918
5.899918
5.806824
5.663406
5.587021
5.546356
5.524673
5.506973
5.503708
5.501984
5.501053
5.500565
5.500168
5.500092
5.500092
5.500092
5.500092
5.500092
5.500092
5.500092
5.500092
5.500092
5.500092
5.500092
5.500092
5.500092
5.500092
5.500092
5.500092
5.500092
5.500092
5.500092
5.500092
5.500092
5.500092
5.500092
5.500092
5.500092
5.500092
5.500092
5.500092
5.500092
5.500092
5.500092
5.500092
5.500092
5.500092
5.500092
5.500092
5.399918
4.461594
4.152344
3.98764
3.899918
3.85321
3.815063
3.808014
3.80426
3.802277
3.801208
3.800339
3.800186
3.800079
3.800079
3.800079
3.800079
3.800079
3.800079
3.800079
3.800079
3.800079
3.800079
3.800079
3.800079
3.800079
3.800079
3.800079
3.800079
3.800079
3.800079
3.800079
3.800079
3.800079
3.800079
3.800079
3.800079
3.800079
3.800079
3.800079
3.800079
3.800079
3.800079
3.800079
3.800079
3.800079
3.800079
3.800079
3.800079
3.800079
3.900177
4.31279
4.83844
5.312378
5.400101
5.446808
5.47168
5.48494
5.495743
5.497726
5.498795
5.499359
5.499664
5.499908
5.499908
5.499908
5.499908
5.499908
5.499908
5.499908
5.499908
5.499908
5.499908
5.499908
5.499908
5.499908
5.499908
5.499908
5.499908
5.499908
5.499908
5.499908
5.499908
5.499908
5.499908
5.499908
5.499908
5.499908
5.499908
5.499908
5.600082
6.599442
7.020401
7.244598
7.363983
7.461411
7.479446
7.489059
7.494171
7.496902
7.49913
7.499542
7.499756
7.499878
7.499908
7.499908
7.499908
7.499908
7.499908
7.499908
7.499908
7.499908
7.499908
7.499908
7.499908
7.499908
7.499908
7.499908
7.499908
7.499908
7.499908
7.499908
7.499908
7.499908
7.499908
7.499908
7.499908
7.499908
7.499908
7.499908
7.499908
7.499908
7.499908
7.499908
7.499908
7.499908
7.499908
7.499908
7.499908
7.499908
7.499908
7.499908
7.499908
7.499908
7.499908
7.499908
7.499908
7.499908
7.499908
7.399811
6.987198
6.400497
5.979584
5.636002
5.572418
5.538589
5.520554
5.510941
5.503098
5.501663
5.50087
5.500458
5.500244
5.500092
5.500092
5.500092
5.500092
5.500092
5.500092
5.500092
5.500092
5.500092
5.500092
5.500092
5.500092
5.500092
5.500092
5.500092
5.500092
5.500092
5.500092
5.500092
5.500092
5.500092
5.500092
5.500092
5.500092
5.500092
5.500092
5.593185
5.736588
5.853638
5.87532
5.886871
5.893021
5.896286
5.898956
5.899445
5.899719
5.899841
5.899918
5.899918
5.899918
5.899918
5.899918
5.899918
5.899918
5.899918
5.899918
5.899918
5.899918
5.899918
5.899918
5.899918
5.899918
5.899918
5.899918
5.899918
5.899918
5.899918
5.899918
5.899918
5.899918
5.899918
5.899918
5.899918
5.899918
5.899918
5.899918
5.899918
5.899918
5.899918
5.899918
5.899918
5.899918
5.899918
5.899918
5.899918
5.899918
5.899918
5.899918
5.899918
5.899918
5.806824
5.663406
5.587021
5.546356
5.513138
5.506973
5.503708
5.501984
5.500565
5.50029
5.500168
5.500092
5.500092
5.500092
5.500092
5.500092
5.500092
5.500092
5.500092
5.500092
5.500092
5.500092
5.500092
5.500092
5.500092
5.500092
5.500092
5.500092
5.500092
5.500092
5.500092
5.500092
5.500092
5.500092
5.500092
5.500092
5.500092
5.500092
5.500092
5.500092
5.500092
5.500092
5.500092
5.500092
5.500092
5.500092
5.500092
5.399918
4.987259
4.461594
4.152344
3.98764
3.85321
3.828323
3.815063
3.808014
3.802277
3.801208
3.800644
3.800339
3.800186
3.800079
3.800079
3.800079
3.800079
3.800079
3.800079
3.800079
3.800079
3.800079
3.800079
3.800079
3.800079
3.800079
3.800079
3.800079
3.800079
3.800079
3.800079
3.800079
3.800079
3.800079
3.800079
3.800079
3.800079
3.800079
3.800079
3.800079
3.800079
3.800079
3.800079
3.800079
3.800079
3.800079
3.800079
3.800079
3.800079
3.800079
3.900177
4.31279
4.83844
5.14769
5.400101
5.446808
5.47168
5.48494
5.491989
5.497726
5.498795
5.499359
5.499817
5.499908
5.499908
5.499908
5.499908
5.499908
5.499908
5.499908
5.499908
5.499908
5.499908
5.499908
5.499908
5.499908
5.499908
5.499908
5.499908
5.499908
5.499908
5.499908
5.499908
5.499908
5.499908
5.499908
5.499908
5.499908
5.499908
5.499908
5.600082
6.012741
6.599442
7.020401
7.244598
7.427567
7.461411
7.479446
7.489059
7.494171
7.498337
7.49913
7.499542
7.499756
7.499878
7.499908
7.499908
7.499908
7.499908
7.499908
7.499908
7.499908
7.499908
7.499908
7.499908
7.499908
7.499908
7.499908
7.499908
7.499908
7.499908
7.499908
7.499908
7.499908
7.499908
7.499908
7.499908
7.499908
7.499908
7.499908
7.499908
7.499908
7.499908
7.499908
7.499908
7.499908
7.499908
7.499908
7.499908
7.499908
7.499908
7.499908
7.499908
7.499908
7.499908
7.499908
7.499908
7.499908
7.499908
7.499908
7.499908
7.399811
6.400497
5.979584
5.755386
5.636002
5.572418
5.520554
5.510941
5.505829
5.503098
5.50087
5.500458
5.500244
5.500122
5.500092
5.500092
5.500092
5.500092
5.500092
5.500092
5.500092
5.500092
5.500092
5.500092
5.500092
5.500092
5.500092
5.500092
5.500092
5.500092
5.500092
5.500092
5.500092
5.500092
5.500092
5.500092
5.500092
5.500092
5.500092
5.593185
5.736588
5.812973
5.853638
5.87532
5.893021
5.896286
5.898026
5.898956
5.899445
5.899841
5.899918
5.899918
5.899918
5.899918
5.899918
5.899918
5.899918
5.899918
5.899918
5.899918
5.899918
5.899918
5.899918
5.899918
5.899918
5.899918
5.899918
5.899918
5.899918
5.899918
5.899918
5.899918
5.899918
5.899918
5.899918
5.899918
5.899918
5.899918
5.899918
5.899918
5.899918
5.899918
5.899918
5.899918
5.899918
5.899918
5.899918
5.899918
5.899918
5.899918
5.899918
5.899918
5.899918
5.899918
5.899918
5.806824
5.587021
5.546356
5.524673
5.513138
5.506973
5.501984
5.501053
5.500565
5.50029
5.500168
5.500092
5.500092
5.500092
5.500092
5.500092
5.500092
5.500092
5.500092
5.500092
5.500092
5.500092
5.500092
5.500092
5.500092
5.500092
5.500092
5.500092
5.500092
5.500092
5.500092
5.500092
5.500092
5.500092
5.500092
5.500092
5.500092
5.500092
5.500092
5.500092
5.500092
5.500092
5.500092
5.500092
5.500092
5.500092
5.399918
4.987259
4.461594
4.152344
3.899918
3.85321
3.828323
3.815063
3.80426
3.802277
3.801208
3.800644
3.800339
3.800079
3.800079
3.800079
3.800079
3.800079
3.800079
3.800079
3.800079
3.800079
3.800079
3.800079
3.800079
3.800079
3.800079
3.800079
3.800079
3.800079
3.800079
3.800079
3.800079
3.800079
3.800079
3.800079
3.800079
3.800079
3.800079
3.800079
3.800079
3.800079
3.800079
3.800079
3.800079
3.800079
3.800079
3.800079
3.800079
3.800079
3.800079
3.900177
4.31279
4.83844
5.14769
5.400101
5.446808
5.47168
5.48494
5.495743
5.497726
5.498795
5.499359
5.499664
5.499908
5.499908
5.499908
5.499908
5.499908
5.499908
5.499908
5.499908
5.499908
5.499908
5.499908
5.499908
5.499908
5.499908
5.499908
5.499908
5.499908
5.499908
5.499908
5.499908
5.499908
5.499908
5.499908
5.499908
5.499908
5.499908
5.499908
5.499908
5.600082
6.599442
7.020401
7.244598
7.363983
7.461411
7.479446
7.489059
7.494171
7.496902
7.49913
7.499542
7.499756
7.499878
7.499908
7.499908
7.499908
7.499908
7.499908
7.499908
7.499908
7.499908
7.499908
7.499908
7.499908
7.499908
7.499908
7.499908
7.499908
7.499908
7.499908
7.499908
7.499908
7.499908
7.499908
7.499908
7.499908
7.499908
7.499908
7.499908
7.499908
7.499908
7.499908
7.499908
7.499908
7.499908
7.499908
7.499908
7.499908
7.499908
7.499908
7.499908
7.499908
7.499908
7.499908
7.499908
7.499908
7.499908
7.499908
7.399811
6.400497
5.979584
5.755386
5.636002
5.572418
5.520554
5.510941
5.505829
5.503098
5.501663
5.500458
5.500244
5.500122
5.500092
5.500092
5.500092
5.500092
5.500092
5.500092
5.500092
5.500092
5.500092
5.500092
5.500092
5.500092
5.500092
5.500092
5.500092
5.500092
5.500092
5.500092
5.500092
5.500092
5.500092
5.500092
5.500092
5.500092
5.500092
5.593185
5.812973
5.853638
5.87532
5.886871
5.896286
5.898026
5.898956
5.899445
5.899719
5.899918
5.899918
5.899918
5.899918
5.899918
5.899918
5.899918
5.899918
5.899918
5.899918
5.899918
5.899918
5.899918
5.899918
5.899918
5.899918
5.899918
5.899918
5.899918
5.899918
5.899918
5.899918
5.899918
5.899918
5.899918
5.899918
5.899918
5.899918
5.899918
5.899918
5.899918
5.899918
5.899918
5.899918
5.899918
5.899918
5.899918
5.899918
5.899918
5.899918
5.899918
5.899918
5.899918
5.899918
5.899918
5.899918
5.806824
5.663406
5.546356
5.524673
5.513138
5.506973
5.503708
5.501053
5.500565
5.50029
5.500168
5.500092
5.500092
5.500092
5.500092
5.500092
5.500092
5.500092
5.500092
5.500092
5.500092
5.500092
5.500092
5.500092
5.500092
5.500092
5.500092
5.500092
5.500092
5.500092
5.500092
5.500092
5.500092
5.500092
5.500092
5.500092
5.500092
5.500092
5.500092
5.500092
5.500092
5.500092
5.500092
5.500092
5.500092
5.500092
5.500092
5.399918
4.987259
4.461594
3.98764
3.899918
3.85321
3.828323
3.815063
3.80426
3.802277
3.801208
3.800644
3.800339
3.800079
3.800079
3.800079
3.800079
3.800079
3.800079
3.800079
3.800079
3.800079
3.800079
3.800079
3.800079
3.800079
3.800079
3.800079
3.800079
3.800079
3.800079
3.800079
3.800079
3.800079
3.800079
3.800079
3.800079
3.800079
3.800079
3.800079
3.800079
3.800079
3.800079
3.800079
3.800079
3.800079
3.800079
