0
0
0
0
0
0
0
0
0
0
0
0
0
0
0
0
0
0
0
0
0
0
0
0
0
0
0
0
0
0
0
0
0
0
0
0
0
0
0
0
0
0
0
0
0
0
0
0
0
0
0
0
0
0
0
0
0
0
0
0
0
0
0
0
0
0
0
0
0
0
0
0
0
0
0
0
0
0
0
0
0
0
0.5127716
1.106461
1.796585
2.538071
3.3069
4.744141
5.097473
5.285645
5.385834
5.439194
5.482758
5.490814
5.495102
5.497375
5.498596
5.499603
5.499786
5.499908
5.499908
5.499908
5.499908
5.499908
5.499908
5.499908
5.499908
5.499908
5.499908
5.499908
5.499908
5.499908
5.499908
5.499908
5.499908
5.499908
5.499908
5.499908
5.499908
5.499908
5.499908
5.499908
5.499908
5.499908
5.499908
5.499908
5.499908
5.499908
5.499908
5.399811
5.166565
5.041962
4.975616
4.940277
4.921432
4.906097
4.903259
4.901733
4.900925
4.900482
4.900253
4.900085
4.900085
4.900085
4.900085
4.900085
4.900085
4.900085
4.900085
4.900085
4.900085
4.900085
4.900085
4.900085
4.900085
4.900085
4.900085
4.900085
4.900085
4.900085
4.900085
4.900085
4.900085
4.900085
4.900085
4.900085
4.900085
4.900085
4.900085
4.900085
4.900085
4.900085
4.900085
4.900085
4.900085
4.900085
4.900085
4.900085
4.900085
4.900085
4.900085
4.900085
4.900085
4.900085
4.900085
5.233429
5.358032
5.424377
5.459717
5.478561
5.488571
5.493896
5.496735
5.499069
5.499512
5.499741
5.499863
5.499908
5.499908
5.499908
5.499908
5.499908
5.499908
5.499908
5.499908
5.499908
5.499908
5.499908
5.499908
5.499908
5.499908
5.499908
5.499908
5.499908
5.499908
5.499908
5.499908
5.499908
5.499908
5.499908
5.499908
5.499908
5.499908
5.499908
5.499908
5.499908
5.499908
5.499908
5.499908
5.499908
5.499908
5.600082
6.012741
6.606445
7.29657
7.812317
8.233322
8.311249
8.352737
8.374817
8.386597
8.396194
8.39798
8.398926
8.399429
8.399704
8.399918
8.399918
8.399918
8.399918
8.399918
8.399918
8.399918
8.399918
8.399918
8.399918
8.399918
8.399918
8.399918
8.399918
8.399918
8.399918
8.399918
8.399918
8.399918
8.399918
8.399918
8.399918
8.399918
8.399918
8.399918
8.399918
8.399918
8.399918
8.399918
8.399918
8.399918
8.399918
8.399918
8.399918
8.399918
8.399918
8.399918
8.399918
8.29982
7.887207
7.293518
6.603409
5.812958
5.666672
5.588745
5.547256
5.513412
5.507126
5.503799
5.502014
5.501068
5.50029
5.500168
5.500092
5.500092
5.500092
5.500092
5.500092
5.500092
5.500092
5.500092
5.500092
5.500092
5.500092
5.500092
5.500092
5.500092
5.500092
5.500092
5.500092
5.500092
5.500092
5.500092
5.500092
5.500092
5.500092
5.500092
5.500092
5.500092
5.500092
5.500092
5.500092
5.500092
5.500092
5.399918
4.461594
4.152344
3.98764
3.85321
3.828323
3.815063
3.808014
3.802277
3.801208
3.800644
3.800339
3.800186
3.800079
3.800079
3.800079
3.800079
3.800079
3.800079
3.800079
3.800079
3.800079
3.800079
3.800079
3.800079
3.800079
3.800079
3.800079
3.800079
3.800079
3.800079
3.800079
3.800079
3.800079
3.800079
3.800079
3.800079
3.800079
3.800079
3.800079
3.800079
3.800079
3.800079
3.800079
3.800079
3.800079
3.800079
3.800079
3.800079
3.800079
3.800079
3.800079
3.800079
3.800079
3.800079
3.800079
3.800079
3.800079
3.800079
3.800079
3.800079
3.800079
3.800079
3.800079
3.800079
4.31279
4.83844
5.14769
5.312378
5.446808
5.47168
5.48494
5.491989
5.495743
5.498795
5.499359
5.499664
5.499817
5.499908
5.499908
5.499908
5.499908
5.499908
5.499908
5.499908
5.499908
5.499908
5.499908
5.499908
5.499908
5.499908
5.499908
5.499908
5.499908
5.499908
5.499908
5.499908
5.499908
5.499908
5.499908
5.499908
5.499908
5.499908
5.499908
5.499908
5.499908
5.499908
5.499908
5.499908
5.499908
5.399811
5.166565
5.041962
4.940277
4.921432
4.911423
4.906097
4.901733
4.900925
4.900482
4.900253
4.900131
4.900085
4.900085
4.900085
4.900085
4.900085
4.900085
4.900085
4.900085
4.900085
4.900085
4.900085
4.900085
4.900085
4.900085
4.900085
4.900085
4.900085
4.900085
4.900085
4.900085
4.900085
4.900085
4.900085
4.900085
4.900085
4.900085
4.900085
4.900085
4.900085
4.900085
4.900085
4.900085
4.900085
4.900085
4.900085
4.900085
4.900085
4.900085
4.900085
4.900085
4.900085
4.900085
5.233429
5.358032
5.424377
5.459717
5.478561
5.493896
5.496735
5.49826
5.499069
5.499741
5.499863
5.499908
5.499908
5.499908
5.499908
5.499908
5.499908
5.499908
5.499908
5.499908
5.499908
5.499908
5.499908
5.499908
5.499908
5.499908
5.499908
5.499908
5.499908
5.499908
5.499908
5.499908
5.499908
5.499908
5.499908
5.499908
5.499908
5.499908
5.499908
5.499908
5.499908
5.499908
5.499908
5.499908
5.499908
5.600082
6.012741
6.606445
7.29657
8.087021
8.233322
8.311249
8.352737
8.386597
8.392868
8.396194
8.39798
8.399429
8.399704
8.399826
8.399918
8.399918
8.399918
8.399918
8.399918
8.399918
8.399918
8.399918
8.399918
8.399918
8.399918
8.399918
8.399918
8.399918
8.399918
8.399918
8.399918
8.399918
8.399918
8.399918
8.399918
8.399918
8.399918
8.399918
8.399918
8.399918
8.399918
8.399918
8.399918
8.399918
8.399918
8.399918
8.399918
8.399918
8.399918
8.399918
8.399918
8.399918
8.29982
7.887207
6.603409
6.087662
5.812958
5.666672
5.588745
5.525177
5.513412
5.507126
5.503799
5.502014
5.500565
5.50029
5.500168
5.500092
5.500092
5.500092
5.500092
5.500092
5.500092
5.500092
5.500092
5.500092
5.500092
5.500092
5.500092
5.500092
5.500092
5.500092
5.500092
5.500092
5.500092
5.500092
5.500092
5.500092
5.500092
5.500092
5.500092
5.500092
5.500092
5.500092
5.500092
5.500092
4.987259
4.461594
4.152344
3.98764
3.899918
3.828323
3.815063
3.808014
3.80426
3.802277
3.801208
3.800339
3.800186
3.800079
3.800079
3.800079
3.800079
3.800079
3.800079
3.800079
3.800079
3.800079
3.800079
3.800079
3.800079
3.800079
3.800079
3.800079
3.800079
3.800079
3.800079
3.800079
3.800079
3.800079
3.800079
3.800079
3.800079
3.800079
3.800079
3.800079
3.800079
3.800079
3.800079
3.800079
3.800079
3.800079
3.800079
3.800079
3.800079
3.800079
3.800079
3.800079
3.800079
3.800079
3.800079
3.800079
3.800079
3.800079
3.800079
3.800079
3.800079
3.800079
3.800079
3.800079
3.800079
3.800079
3.800079
3.900177
4.83844
5.14769
5.312378
5.400101
5.446808
5.48494
5.491989
5.495743
5.497726
5.499359
5.499664
5.499817
5.499908
5.499908
5.499908
5.499908
5.499908
5.499908
5.499908
5.499908
5.499908
5.499908
5.499908
5.499908
5.499908
5.499908
5.499908
5.499908
5.499908
5.499908
5.499908
5.499908
5.499908
5.499908
5.499908
5.499908
5.499908
5.499908
5.499908
5.499908
5.499908
5.499908
5.499908
5.499908
5.399811
5.166565
5.041962
4.975616
4.940277
4.911423
4.906097
4.903259
4.901733
4.900925
4.900253
4.900131
4.900085
4.900085
4.900085
4.900085
4.900085
4.900085
4.900085
4.900085
4.900085
4.900085
4.900085
4.900085
4.900085
4.900085
4.900085
4.900085
4.900085
4.900085
4.900085
4.900085
4.900085
4.900085
4.900085
4.900085
4.900085
4.900085
4.900085
4.900085
4.900085
4.900085
4.900085
4.900085
4.900085
4.900085
4.900085
4.900085
4.900085
4.900085
4.900085
4.900085
4.900085
5.000183
5.233429
5.358032
5.459717
5.478561
5.488571
5.493896
5.496735
5.499069
5.499512
5.499741
5.499863
5.499908
5.499908
5.499908
5.499908
5.499908
5.499908
5.499908
5.499908
5.499908
5.499908
5.499908
5.499908
5.499908
5.499908
5.499908
5.499908
5.499908
5.499908
5.499908
5.499908
5.499908
5.499908
5.499908
5.499908
5.499908
5.499908
5.499908
5.499908
5.499908
5.499908
5.499908
5.499908
5.499908
5.499908
5.499908
6.012741
6.606445
7.29657
7.812317
8.087021
8.233322
8.311249
8.352737
8.374817
8.392868
8.396194
8.39798
8.398926
8.399429
8.399704
8.399918
8.399918
8.399918
8.399918
8.399918
8.399918
8.399918
8.399918
8.399918
8.399918
8.399918
8.399918
8.399918
8.399918
8.399918
8.399918
8.399918
8.399918
8.399918
8.399918
8.399918
8.399918
8.399918
8.399918
8.399918
8.399918
8.399918
8.399918
8.399918
8.399918
8.399918
8.399918
8.399918
8.399918
8.399918
8.399918
8.399918
8.399918
8.399918
8.29982
7.887207
7.293518
6.087662
5.812958
5.666672
5.588745
5.547256
5.513412
5.507126
5.503799
5.502014
5.500565
5.50029
5.500168
5.500092
5.500092
5.500092
5.500092
5.500092
5.500092
5.500092
5.500092
5.500092
5.500092
5.500092
5.500092
5.500092
5.500092
5.500092
5.500092
5.500092
5.500092
5.500092
5.500092
5.500092
5.500092
5.500092
5.500092
5.500092
5.500092
5.500092
5.500092
5.500092
5.500092
5.399918
4.987259
4.461594
4.152344
3.98764
3.85321
3.828323
3.815063
3.808014
3.80426
3.801208
3.800644
3.800339
3.800186
3.800079
3.800079
3.800079
3.800079
3.800079
3.800079
3.800079
3.800079
3.800079
3.800079
3.800079
3.800079
3.800079
3.800079
3.800079
3.800079
3.800079
3.800079
3.800079
3.800079
3.800079
3.800079
3.800079
3.800079
3.800079
3.800079
3.800079
3.800079
3.800079
3.800079
3.800079
3.800079
3.800079
3.800079
3.800079
3.800079
3.800079
3.800079
3.800079
3.800079
3.800079
3.800079
3.800079
3.800079
3.800079
3.800079
3.800079
3.800079
3.800079
3.800079
3.800079
3.800079
3.800079
3.800079
3.800079
3.800079
3.800079
3.800079
3.800079
3.800079
3.800079
3.800079
3.800079
3.800079
3.800079
3.800079
3.800079
3.800079
3.800079
3.800079
3.800079
3.800079
3.800079
3.800079
3.800079
3.800079
3.800079
3.800079
3.800079
3.800079
3.800079
3.800079
3.800079
3.800079
3.800079
3.800079
3.800079
3.800079
3.800079
3.800079
3.800079
3.800079
3.800079
3.800079
3.800079
3.800079
3.800079
3.800079
3.800079
3.800079
3.800079
3.800079
3.800079
3.800079
3.800079
3.800079
3.800079
4.31279
4.83844
5.14769
5.312378
5.400101
5.446808
5.48494
5.491989
5.495743
5.497726
5.498795
5.499359
5.499817
5.499908
5.499908
5.499908
5.499908
5.499908
5.499908
5.499908
5.499908
5.499908
5.499908
5.499908
5.499908
5.499908
5.499908
5.499908
5.499908
5.499908
5.499908
5.499908
5.499908
5.499908
5.499908
5.499908
5.499908
5.499908
5.499908
5.499908
5.499908
5.499908
5.499908
5.499908
5.499908
5.499908
5.166565
5.041962
4.975616
4.940277
4.921432
4.906097
4.903259
4.901733
4.900925
4.900482
4.900131
4.900085
4.900085
4.900085
4.900085
4.900085
4.900085
4.900085
4.900085
4.900085
4.900085
4.900085
4.900085
4.900085
4.900085
4.900085
4.900085
4.900085
4.900085
4.900085
4.900085
4.900085
4.900085
4.900085
4.900085
4.900085
4.900085
4.900085
4.900085
