0
0
0
0
0
0
0
0
0
0
0
0
0
0
0
0
0
0
0
0
0
0
0
0
0
0
0
0
0
0
0
0
0
0
0
0
0
0
0
0
0
0
0
0
0
0
0
0
0
0
0
0
0
0
0
0
0
0
0
0
0
0
0
0
0
0
0
0
0
0
0
0
0
0
0
0
0
0
0
0
0
0
0
0.1001434
0.5127716
1.106461
2.538071
3.3069
4.090332
4.744141
5.285645
5.385834
5.439194
5.467621
5.482758
5.495102
5.497375
5.498596
5.499252
5.499603
5.499908
5.499908
5.499908
5.499908
5.499908
5.499908
5.499908
5.499908
5.499908
5.499908
5.499908
5.499908
5.499908
5.499908
5.499908
5.499908
5.499908
5.499908
5.499908
5.499908
5.499908
5.499908
5.499908
5.499908
5.499908
5.499908
5.499908
5.499908
5.499908
5.499908
5.399811
4.987198
3.929138
3.681808
3.550079
3.479935
3.442566
3.412064
3.406433
3.403427
3.401825
3.400513
3.400269
3.400146
3.400085
3.400085
3.400085
3.400085
3.400085
3.400085
3.400085
3.400085
3.400085
3.400085
3.400085
3.400085
3.400085
3.400085
3.400085
3.400085
3.400085
3.400085
3.400085
3.400085
3.400085
3.400085
3.400085
3.400085
3.400085
3.400085
3.400085
3.400085
3.400085
3.400085
3.400085
3.400085
3.400085
3.400085
3.400085
3.400085
3.400085
3.400085
3.500183
3.912796
4.970871
5.218201
5.34993
5.420059
5.477341
5.48793
5.493561
5.496567
5.499023
5.499481
5.499725
5.499847
5.499908
5.499908
5.499908
5.499908
5.499908
5.499908
5.499908
5.499908
5.499908
5.499908
5.499908
5.499908
5.499908
5.499908
5.499908
5.499908
5.499908
5.499908
5.499908
5.499908
5.499908
5.499908
5.499908
5.499908
5.499908
5.499908
5.499908
5.499908
5.499908
6.005737
6.330261
6.503082
6.595108
6.64415
6.684174
6.691574
6.695511
6.697617
6.699326
6.699631
6.699799
6.699921
6.699921
6.699921
6.699921
6.699921
6.699921
6.699921
6.699921
6.699921
6.699921
6.699921
6.699921
6.699921
6.699921
6.699921
6.699921
6.699921
6.699921
6.699921
6.699921
6.699921
6.699921
6.699921
6.699921
6.699921
6.699921
6.699921
6.699921
6.699921
6.699921
6.699921
6.699921
6.699921
6.699921
6.699921
6.699921
6.699921
6.599823
6.194199
5.869705
5.604858
5.555847
5.529739
5.515823
5.504486
5.50238
5.501266
5.500671
5.500198
5.500092
5.500092
5.500092
5.500092
5.500092
5.500092
5.500092
5.500092
5.500092
5.500092
5.500092
5.500092
5.500092
5.500092
5.500092
5.500092
5.500092
5.500092
5.500092
5.500092
5.500092
5.500092
5.500092
5.500092
5.500092
5.500092
5.500092
5.500092
5.500092
5.500092
5.37532
5.340118
5.321381
5.311386
5.306061
5.301697
5.300903
5.300476
5.300262
5.300079
5.300079
5.300079
5.300079
5.300079
5.300079
5.300079
5.300079
5.300079
5.300079
5.300079
5.300079
5.300079
5.300079
5.300079
5.300079
5.300079
5.300079
5.300079
5.300079
5.300079
5.300079
5.300079
5.300079
5.300079
5.300079
5.300079
5.300079
5.300079
5.300079
5.300079
5.300079
5.300079
5.300079
5.300079
5.300079
5.300079
5.300079
5.300079
5.300079
5.300079
5.300079
5.300079
5.300079
5.300079
5.300079
5.300079
5.300079
5.300079
5.300079
5.300079
5.300079
5.300079
5.300079
5.300079
5.424713
5.4599
5.478638
5.488617
5.493927
5.498291
5.499084
5.499527
5.499741
5.499908
5.499908
5.499908
5.499908
5.499908
5.499908
5.499908
5.499908
5.499908
5.499908
5.499908
5.499908
5.499908
5.499908
5.499908
5.499908
5.499908
5.499908
5.499908
5.499908
5.499908
5.499908
5.499908
5.499908
5.499908
5.499908
5.499908
5.499908
5.499908
5.499908
5.499908
5.499908
5.499908
5.399811
4.987198
4.393509
3.681808
3.550079
3.479935
3.442566
3.422668
3.406433
3.403427
3.401825
3.40097
3.400269
3.400146
3.400085
3.400085
3.400085
3.400085
3.400085
3.400085
3.400085
3.400085
3.400085
3.400085
3.400085
3.400085
3.400085
3.400085
3.400085
3.400085
3.400085
3.400085
3.400085
3.400085
3.400085
3.400085
3.400085
3.400085
3.400085
3.400085
3.400085
3.400085
3.400085
3.400085
3.400085
3.400085
3.400085
3.400085
3.400085
3.400085
3.400085
3.400085
3.400085
3.500183
3.912796
4.506485
5.218201
5.34993
5.420059
5.457443
5.48793
5.493561
5.496567
5.498169
5.499023
5.499481
5.499847
5.499908
5.499908
5.499908
5.499908
5.499908
5.499908
5.499908
5.499908
5.499908
5.499908
5.499908
5.499908
5.499908
5.499908
5.499908
5.499908
5.499908
5.499908
5.499908
5.499908
5.499908
5.499908
5.499908
5.499908
5.499908
5.499908
5.499908
5.499908
5.600082
6.005737
6.330261
6.595108
6.64415
6.670258
6.684174
6.691574
6.697617
6.69873
6.699326
6.699631
6.699799
6.699921
6.699921
6.699921
6.699921
6.699921
6.699921
6.699921
6.699921
6.699921
6.699921
6.699921
6.699921
6.699921
6.699921
6.699921
6.699921
6.699921
6.699921
6.699921
6.699921
6.699921
6.699921
6.699921
6.699921
6.699921
6.699921
6.699921
6.699921
6.699921
6.699921
6.699921
6.699921
6.699921
6.699921
6.699921
6.699921
6.699921
6.699921
6.699921
6.599823
6.194199
5.696884
5.604858
5.555847
5.529739
5.515823
5.504486
5.50238
5.501266
5.500671
5.500366
5.500092
5.500092
5.500092
5.500092
5.500092
5.500092
5.500092
5.500092
5.500092
5.500092
5.500092
5.500092
5.500092
5.500092
5.500092
5.500092
5.500092
5.500092
5.500092
5.500092
5.500092
5.500092
5.500092
5.500092
5.500092
5.500092
5.500092
5.500092
5.441422
5.37532
5.321381
5.311386
5.306061
5.303223
5.300903
5.300476
5.300262
5.30014
5.300079
5.300079
5.300079
5.300079
5.300079
5.300079
5.300079
5.300079
5.300079
5.300079
5.300079
5.300079
5.300079
5.300079
5.300079
5.300079
5.300079
5.300079
5.300079
5.300079
5.300079
5.300079
5.300079
5.300079
5.300079
5.300079
5.300079
5.300079
5.300079
5.300079
5.300079
5.300079
5.300079
5.300079
5.300079
5.300079
5.300079
5.300079
5.300079
5.300079
5.300079
5.300079
5.300079
5.300079
5.300079
5.300079
5.300079
5.300079
5.300079
5.300079
5.300079
5.300079
5.300079
5.358673
5.424713
5.4599
5.478638
5.493927
5.496765
5.498291
5.499084
5.499527
5.499863
5.499908
5.499908
5.499908
5.499908
5.499908
5.499908
5.499908
5.499908
5.499908
5.499908
5.499908
5.499908
5.499908
5.499908
5.499908
5.499908
5.499908
5.499908
5.499908
5.499908
5.499908
5.499908
5.499908
5.499908
5.499908
5.499908
5.499908
5.499908
5.499908
5.499908
5.499908
5.499908
5.499908
5.399811
4.987198
4.393509
3.681808
3.550079
3.479935
3.442566
3.422668
3.406433
3.403427
3.401825
3.40097
3.400269
3.400146
3.400085
3.400085
3.400085
3.400085
3.400085
3.400085
3.400085
3.400085
3.400085
3.400085
3.400085
3.400085
3.400085
3.400085
3.400085
3.400085
3.400085
3.400085
3.400085
3.400085
3.400085
3.400085
3.400085
3.400085
3.400085
3.400085
3.400085
3.400085
3.400085
3.400085
3.400085
3.400085
3.400085
3.400085
3.400085
3.400085
3.400085
3.400085
3.400085
3.500183
3.912796
4.506485
4.970871
5.34993
5.420059
5.457443
5.477341
5.48793
5.496567
5.498169
5.499023
5.499481
5.499725
5.499908
5.499908
5.499908
5.499908
5.499908
5.499908
5.499908
5.499908
5.499908
5.499908
5.499908
5.499908
5.499908
5.499908
5.499908
5.499908
5.499908
5.499908
5.499908
5.499908
5.499908
5.499908
5.499908
5.499908
5.499908
5.499908
5.499908
5.499908
5.499908
5.600082
6.005737
6.330261
6.595108
6.64415
6.670258
6.684174
6.691574
6.697617
6.69873
6.699326
6.699631
6.699799
6.699921
6.699921
6.699921
6.699921
6.699921
6.699921
6.699921
6.699921
6.699921
6.699921
6.699921
6.699921
6.699921
6.699921
6.699921
6.699921
6.699921
6.699921
6.699921
6.699921
6.699921
6.699921
6.699921
6.699921
6.699921
6.699921
6.699921
6.699921
6.699921
6.699921
6.699921
6.699921
6.699921
6.699921
6.699921
6.699921
6.699921
6.699921
6.699921
6.599823
6.194199
5.696884
5.604858
5.555847
5.529739
5.515823
5.504486
5.50238
5.501266
5.500671
5.500198
5.500092
5.500092
5.500092
5.500092
5.500092
5.500092
5.500092
5.500092
5.500092
5.500092
5.500092
5.500092
5.500092
5.500092
5.500092
5.500092
5.500092
5.500092
5.500092
5.500092
5.500092
5.500092
5.500092
5.500092
5.500092
5.500092
5.500092
5.500092
5.500092
5.441422
5.37532
5.340118
5.311386
5.306061
5.303223
5.301697
5.300476
5.300262
5.30014
5.300079
5.300079
5.300079
5.300079
5.300079
5.300079
5.300079
5.300079
5.300079
5.300079
5.300079
5.300079
5.300079
5.300079
5.300079
5.300079
5.300079
5.300079
5.300079
5.300079
5.300079
5.300079
5.300079
5.300079
5.300079
5.300079
5.300079
5.300079
5.300079
5.300079
5.300079
5.300079
5.300079
5.300079
5.300079
5.300079
5.300079
5.300079
5.300079
5.300079
5.300079
5.300079
5.300079
5.300079
5.300079
5.300079
5.300079
5.300079
5.300079
5.300079
5.300079
5.300079
5.300079
5.358673
5.424713
5.4599
5.478638
5.493927
5.496765
5.498291
5.499084
5.499741
5.499863
5.499908
5.499908
5.499908
5.499908
5.499908
5.499908
5.499908
5.499908
5.499908
5.499908
5.499908
5.499908
5.499908
5.499908
5.499908
5.499908
5.499908
5.499908
5.499908
5.499908
5.499908
5.499908
5.499908
5.499908
5.499908
5.499908
5.499908
5.499908
5.499908
5.499908
5.499908
5.499908
5.399811
4.987198
4.393509
3.681808
3.550079
3.479935
3.442566
3.422668
3.406433
3.403427
3.401825
3.40097
3.400269
3.400146
3.400085
3.400085
3.400085
3.400085
3.400085
3.400085
3.400085
3.400085
3.400085
3.400085
3.400085
3.400085
3.400085
3.400085
3.400085
3.400085
3.400085
3.400085
3.400085
3.400085
3.400085
3.400085
3.400085
3.400085
3.400085
3.400085
3.400085
3.400085
3.400085
3.400085
3.400085
3.400085
3.400085
3.400085
3.400085
3.400085
3.400085
3.400085
3.400085
3.500183
3.912796
4.970871
5.218201
5.34993
5.420059
5.457443
5.48793
5.493561
5.496567
5.498169
5.499023
5.499725
5.499847
5.499908
5.499908
5.499908
5.499908
5.499908
5.499908
5.499908
5.499908
5.499908
5.499908
5.499908
5.499908
5.499908
5.499908
5.499908
5.499908
5.499908
5.499908
5.499908
5.499908
5.499908
5.499908
5.499908
5.499908
5.499908
5.499908
5.499908
5.499908
5.499908
6.005737
6.330261
6.503082
6.595108
6.64415
6.684174
6.691574
6.695511
6.697617
6.69873
6.699631
6.699799
6.699921
6.699921
6.699921
6.699921
6.699921
6.699921
6.699921
6.699921
6.699921
6.699921
6.699921
6.699921
6.699921
6.699921
6.699921
6.699921
6.699921
6.699921
6.699921
6.699921
6.699921
6.699921
6.699921
6.699921
6.699921
6.699921
6.699921
6.699921
6.699921
6.699921
6.699921
6.699921
6.699921
6.699921
6.699921
6.699921
6.699921
