0
0
0
0
0
0
0
0
0
0
0
0
0
0
0
0
0
0
0
0
0
0
0
0
0
0
0
0
0
0
0
0
0
0
0
0
0
0
0
0
0
0
0
0
0
0
0
0
0
0
0
0
0
0
0
0
0
0
0
0
0
0
0
0
0
0
0
0
0
0
0
0
0
0
0
0
0
0
0
0.1001434
0.5127716
1.796585
2.538071
3.3069
4.090332
5.097473
5.285645
5.385834
5.439194
5.467621
5.490814
5.495102
5.497375
5.498596
5.499252
5.499786
5.499908
5.499908
5.499908
5.499908
5.499908
5.499908
5.499908
5.499908
5.499908
5.499908
5.499908
5.499908
5.499908
5.499908
5.499908
5.499908
5.499908
5.499908
5.499908
5.499908
5.499908
5.499908
5.499908
5.499908
5.499908
5.499908
5.499908
5.499908
5.499908
5.499908
5.399811
5.028702
4.649948
4.579849
4.542542
4.522659
4.51207
4.503433
4.501831
4.500977
4.500519
4.500153
4.500092
4.500092
4.500092
4.500092
4.500092
4.500092
4.500092
4.500092
4.500092
4.500092
4.500092
4.500092
4.500092
4.500092
4.500092
4.500092
4.500092
4.500092
4.500092
4.500092
4.500092
4.500092
4.500092
4.500092
4.500092
4.500092
4.500092
4.500092
4.500092
4.500092
4.500092
4.500092
4.500092
4.500092
4.500092
4.500092
4.500092
4.500092
4.600189
4.971298
5.350052
5.420151
5.457458
5.477341
5.48793
5.496567
5.498169
5.499023
5.499481
5.499725
5.499847
5.499908
5.499908
5.499908
5.499908
5.499908
5.499908
5.499908
5.499908
5.499908
5.499908
5.499908
5.499908
5.499908
5.499908
5.499908
5.499908
5.499908
5.499908
5.499908
5.499908
5.499908
5.499908
5.499908
5.499908
5.499908
5.499908
5.499908
5.499908
5.682373
5.737366
5.766647
5.782242
5.790527
5.797302
5.798553
5.799225
5.799591
5.799774
5.799911
5.799911
5.799911
5.799911
5.799911
5.799911
5.799911
5.799911
5.799911
5.799911
5.799911
5.799911
5.799911
5.799911
5.799911
5.799911
5.799911
5.799911
5.799911
5.799911
5.799911
5.799911
5.799911
5.799911
5.799911
5.799911
5.799911
5.799911
5.799911
5.799911
5.799911
5.799911
5.799911
5.799911
5.799911
5.799911
5.799911
5.799911
5.799911
5.799911
5.799911
5.799911
5.799911
5.799911
5.799911
5.799911
5.799911
5.799911
5.799911
5.799911
5.799911
5.799911
5.799911
5.799911
5.799911
5.799911
5.799911
5.799911
5.799911
5.799911
5.799911
5.799911
5.799911
5.720795
5.562622
5.53334
5.517761
5.50946
5.502701
5.50145
5.500778
5.500412
5.500229
5.500092
5.500092
5.500092
5.500092
5.500092
5.500092
5.500092
5.500092
5.500092
5.500092
5.500092
5.500092
5.500092
5.500092
5.500092
5.500092
5.500092
5.500092
5.500092
5.500092
5.500092
5.500092
5.500092
5.500092
5.500092
5.500092
5.500092
5.500092
5.500092
5.500092
5.558685
5.624725
5.67865
5.688629
5.693939
5.696777
5.699097
5.699524
5.699738
5.69986
5.699921
5.699921
5.699921
5.699921
5.699921
5.699921
5.699921
5.699921
5.699921
5.699921
5.699921
5.699921
5.699921
5.699921
5.699921
5.699921
5.699921
5.699921
5.699921
5.699921
5.699921
5.699921
5.699921
5.699921
5.699921
5.699921
5.699921
5.699921
5.699921
5.699921
5.699921
5.699921
5.699921
5.699921
5.699921
5.699921
5.699921
5.699921
5.699921
5.699921
5.699921
5.699921
5.699921
5.699921
5.699921
5.699921
5.699921
5.699921
5.699921
5.699921
5.699921
5.699921
5.641327
5.575287
5.5401
5.521362
5.511383
5.503235
5.501709
5.500916
5.500473
5.500259
5.500092
5.500092
5.500092
5.500092
5.500092
5.500092
5.500092
5.500092
5.500092
5.500092
5.500092
5.500092
5.500092
5.500092
5.500092
5.500092
5.500092
5.500092
5.500092
5.500092
5.500092
5.500092
5.500092
5.500092
5.500092
5.500092
5.500092
5.500092
5.500092
5.500092
5.500092
5.399918
5.028763
4.649963
4.579865
4.542557
4.522659
4.51207
4.503433
4.501831
4.500977
4.500519
4.500153
4.500092
4.500092
4.500092
4.500092
4.500092
4.500092
4.500092
4.500092
4.500092
4.500092
4.500092
4.500092
4.500092
4.500092
4.500092
4.500092
4.500092
4.500092
4.500092
4.500092
4.500092
4.500092
4.500092
4.500092
4.500092
4.500092
4.500092
4.500092
4.500092
4.500092
4.500092
4.500092
4.500092
4.500092
4.500092
4.500092
4.500092
4.500092
4.500092
4.600189
4.971298
5.21843
5.420151
5.457458
5.477341
5.48793
5.493561
5.498169
5.499023
5.499481
5.499725
5.499908
5.499908
5.499908
5.499908
5.499908
5.499908
5.499908
5.499908
5.499908
5.499908
5.499908
5.499908
5.499908
5.499908
5.499908
5.499908
5.499908
5.499908
5.499908
5.499908
5.499908
5.499908
5.499908
5.499908
5.499908
5.499908
5.499908
5.499908
5.579071
5.682373
5.737366
5.766647
5.790527
5.794937
5.797302
5.798553
5.799225
5.799774
5.799896
5.799911
5.799911
5.799911
5.799911
5.799911
5.799911
5.799911
5.799911
5.799911
5.799911
5.799911
5.799911
5.799911
5.799911
5.799911
5.799911
5.799911
5.799911
5.799911
5.799911
5.799911
5.799911
5.799911
5.799911
5.799911
5.799911
5.799911
5.799911
5.799911
5.799911
5.799911
5.799911
5.799911
5.799911
5.799911
5.799911
5.799911
5.799911
5.799911
5.799911
5.799911
5.799911
5.799911
5.799911
5.720795
5.617599
5.562622
5.53334
5.517761
5.505051
5.502701
5.50145
5.500778
5.500412
5.500107
5.500092
5.500092
5.500092
5.500092
5.500092
5.500092
5.500092
5.500092
5.500092
5.500092
5.500092
5.500092
5.500092
5.500092
5.500092
5.500092
5.500092
5.500092
5.500092
5.500092
5.500092
5.500092
5.500092
5.500092
5.500092
5.500092
5.500092
5.500092
5.500092
5.500092
5.558685
5.659912
5.688629
5.693939
5.696777
5.698303
5.699097
5.699738
5.69986
5.699921
5.699921
5.699921
5.699921
5.699921
5.699921
5.699921
5.699921
5.699921
5.699921
5.699921
5.699921
5.699921
5.699921
5.699921
5.699921
5.699921
5.699921
5.699921
5.699921
5.699921
5.699921
5.699921
5.699921
5.699921
5.699921
5.699921
5.699921
5.699921
5.699921
5.699921
5.699921
5.699921
5.699921
5.699921
5.699921
5.699921
5.699921
5.699921
5.699921
5.699921
5.699921
5.699921
5.699921
5.699921
5.699921
5.699921
5.699921
5.699921
5.699921
5.699921
5.699921
5.699921
5.699921
5.699921
5.699921
5.699921
5.641327
5.575287
5.5401
5.521362
5.511383
5.503235
5.501709
5.500916
5.500473
5.500137
5.500092
5.500092
5.500092
5.500092
5.500092
5.500092
5.500092
5.500092
5.500092
5.500092
5.500092
5.500092
5.500092
5.500092
5.500092
5.500092
5.500092
5.500092
5.500092
5.500092
5.500092
5.500092
5.500092
5.500092
5.500092
5.500092
5.500092
5.500092
5.500092
5.500092
5.500092
5.399918
5.028763
4.781601
4.649963
4.579865
4.522659
4.51207
4.506439
4.503433
4.501831
4.500519
4.500275
4.500153
4.500092
4.500092
4.500092
4.500092
4.500092
4.500092
4.500092
4.500092
4.500092
4.500092
4.500092
4.500092
4.500092
4.500092
4.500092
4.500092
4.500092
4.500092
4.500092
4.500092
4.500092
4.500092
4.500092
4.500092
4.500092
4.500092
4.500092
4.500092
4.500092
4.500092
4.500092
4.500092
4.500092
4.500092
4.500092
4.500092
4.500092
4.500092
4.600189
4.971298
5.21843
5.350052
5.457458
5.477341
5.48793
5.496567
5.498169
5.499023
5.499481
5.499725
5.499908
5.499908
5.499908
5.499908
5.499908
5.499908
5.499908
5.499908
5.499908
5.499908
5.499908
5.499908
5.499908
5.499908
5.499908
5.499908
5.499908
5.499908
5.499908
5.499908
5.499908
5.499908
5.499908
5.499908
5.499908
5.499908
5.499908
5.499908
5.579071
5.682373
5.737366
5.766647
5.782242
5.794937
5.797302
5.798553
5.799225
5.799591
5.799896
5.799911
5.799911
5.799911
5.799911
5.799911
5.799911
5.799911
5.799911
5.799911
5.799911
5.799911
5.799911
5.799911
5.799911
5.799911
5.799911
5.799911
5.799911
5.799911
5.799911
5.799911
5.799911
5.799911
5.799911
5.799911
5.799911
5.799911
5.799911
5.799911
5.799911
5.799911
5.799911
5.799911
5.799911
5.799911
5.799911
5.799911
5.799911
5.799911
5.799911
5.799911
5.799911
5.799911
5.799911
5.799911
5.799911
5.799911
5.799911
5.720795
5.617599
5.53334
5.517761
5.50946
5.505051
5.50145
5.500778
5.500412
5.500229
5.500107
5.500092
5.500092
5.500092
5.500092
5.500092
5.500092
5.500092
5.500092
5.500092
5.500092
5.500092
5.500092
5.500092
5.500092
5.500092
5.500092
5.500092
5.500092
5.500092
5.500092
5.500092
5.500092
5.500092
5.500092
5.500092
5.500092
5.500092
5.500092
5.500092
5.558685
5.624725
5.67865
5.688629
5.693939
5.696777
5.698303
5.699524
5.699738
5.69986
5.699921
5.699921
5.699921
5.699921
5.699921
5.699921
5.699921
5.699921
5.699921
5.699921
5.699921
5.699921
5.699921
5.699921
5.699921
5.699921
5.699921
5.699921
5.699921
5.699921
5.699921
5.699921
5.699921
5.699921
5.699921
5.699921
5.699921
5.699921
5.699921
5.699921
5.699921
5.699921
5.699921
5.699921
5.699921
5.699921
5.699921
5.699921
5.699921
5.699921
5.699921
5.699921
5.699921
5.699921
5.699921
5.699921
5.699921
5.699921
5.699921
5.699921
5.699921
5.699921
5.641327
5.575287
5.5401
5.521362
5.511383
5.503235
5.501709
5.500916
5.500473
5.500259
5.500092
5.500092
5.500092
5.500092
5.500092
5.500092
5.500092
5.500092
5.500092
5.500092
5.500092
5.500092
5.500092
5.500092
5.500092
5.500092
5.500092
5.500092
5.500092
5.500092
5.500092
5.500092
5.500092
5.500092
5.500092
5.500092
5.500092
5.500092
5.500092
5.500092
5.500092
5.500092
5.028763
4.781601
4.649963
4.579865
4.542557
4.51207
4.506439
4.503433
4.501831
4.500519
4.500275
4.500153
4.500092
4.500092
4.500092
4.500092
4.500092
4.500092
4.500092
4.500092
4.500092
4.500092
4.500092
4.500092
4.500092
4.500092
4.500092
4.500092
4.500092
4.500092
4.500092
4.500092
4.500092
4.500092
4.500092
4.500092
4.500092
4.500092
4.500092
4.500092
4.500092
4.500092
4.500092
4.500092
4.500092
4.500092
4.500092
4.500092
4.500092
4.500092
4.500092
4.500092
4.500092
4.500092
4.600189
4.971298
5.21843
5.350052
5.420151
5.457458
5.477341
5.48793
5.493561
5.498169
5.499023
5.499481
5.499725
5.499847
5.499908
5.499908
5.499908
5.499908
5.499908
5.499908
5.499908
5.499908
5.499908
5.499908
5.499908
5.499908
5.499908
5.499908
5.499908
5.499908
5.499908
5.499908
5.499908
5.499908
5.499908
5.499908
5.499908
5.499908
5.499908
5.499908
5.499908
5.499908
5.499908
5.579071
5.682373
5.737366
5.782242
5.790527
5.794937
5.797302
5.798553
5.799225
5.799591
5.799896
5.799911
5.799911
5.799911
5.799911
5.799911
5.799911
5.799911
5.799911
5.799911
5.799911
5.799911
5.799911
5.799911
5.799911
5.799911
5.799911
5.799911
5.799911
5.799911
5.799911
5.799911
5.799911
