0
0
0
0
0
0
0
0
0
0
0
0
0
0
0
0
0
0
0
0
0
0
0
0
0
0
0
0
0
0
0
0
0
0
0
0
0
0
0
0
0
0
0
0
0
0
0
0
0
0
0
0
0
0
0
0
0
0
0
0
0
0
0
0
0
0
0
0
0
0
0
0
0
0
0.1001434
0.5127716
1.106461
1.796585
3.3069
4.090332
4.744141
5.097473
5.285645
5.439194
5.467621
5.482758
5.490814
5.495102
5.498596
5.499252
5.499603
5.499786
5.499908
5.499908
5.499908
5.499908
5.499908
5.499908
5.499908
5.499908
5.499908
5.499908
5.499908
5.499908
5.499908
5.499908
5.499908
5.499908
5.499908
5.499908
5.499908
5.499908
5.499908
5.499908
5.499908
5.499908
5.499908
5.499908
5.499908
5.499908
5.499908
5.499908
5.62468
5.659882
5.678619
5.688614
5.696777
5.698303
5.699097
5.699524
5.699738
5.699921
5.699921
5.699921
5.699921
5.699921
5.699921
5.699921
5.699921
5.699921
5.699921
5.699921
5.699921
5.699921
5.699921
5.699921
5.699921
5.699921
5.699921
5.699921
5.699921
5.699921
5.699921
5.699921
5.699921
5.699921
5.699921
5.699921
5.699921
5.699921
5.699921
5.699921
5.699921
5.699921
5.699921
5.699921
5.699921
5.699921
5.699921
5.699921
5.699921
5.641327
5.575287
5.5401
5.511383
5.506073
5.503235
5.501709
5.500916
5.500259
5.500137
5.500092
5.500092
5.500092
5.500092
5.500092
5.500092
5.500092
5.500092
5.500092
5.500092
5.500092
5.500092
5.500092
5.500092
5.500092
5.500092
5.500092
5.500092
5.500092
5.500092
5.500092
5.500092
5.500092
5.500092
5.500092
5.500092
5.500092
5.500092
5.500092
5.500092
6.012802
6.606491
7.228561
7.589157
7.781189
7.937943
7.966949
7.982407
7.990631
7.997345
7.998581
7.999252
7.999603
7.999786
7.999908
7.999908
7.999908
7.999908
7.999908
7.999908
7.999908
7.999908
7.999908
7.999908
7.999908
7.999908
7.999908
7.999908
7.999908
7.999908
7.999908
7.999908
7.999908
7.999908
7.999908
7.999908
7.999908
7.999908
7.999908
7.999908
7.999908
7.999908
7.999908
7.999908
7.999908
7.999908
7.999908
7.999908
7.999908
7.999908
7.899811
7.487198
6.893509
5.910843
5.718811
5.616516
5.562057
5.533051
5.509369
5.50499
5.502655
5.501419
5.500748
5.500214
5.500092
5.500092
5.500092
5.500092
5.500092
5.500092
5.500092
5.500092
5.500092
5.500092
5.500092
5.500092
5.500092
5.500092
5.500092
5.500092
5.500092
5.500092
5.500092
5.500092
5.500092
5.500092
5.500092
5.500092
5.500092
5.500092
5.500092
5.912659
6.093735
6.190155
6.241501
6.268829
6.291153
6.295303
6.297501
6.29866
6.299622
6.299789
6.299911
6.299911
6.299911
6.299911
6.299911
6.299911
6.299911
6.299911
6.299911
6.299911
6.299911
6.299911
6.299911
6.299911
6.299911
6.299911
6.299911
6.299911
6.299911
6.299911
6.299911
6.299911
6.299911
6.299911
6.299911
6.299911
6.299911
6.299911
6.299911
6.299911
6.299911
6.299911
6.299911
6.299911
6.299911
6.299911
6.299911
6.299911
6.299911
6.299911
6.299911
6.299911
6.299911
6.299911
6.299911
6.299911
6.299911
6.299911
6.299911
6.199814
5.887329
5.609848
5.558502
5.531174
5.516617
5.50885
5.502502
5.501343
5.500717
5.500381
5.500214
5.500092
5.500092
5.500092
5.500092
5.500092
5.500092
5.500092
5.500092
5.500092
5.500092
5.500092
5.500092
5.500092
5.500092
5.500092
5.500092
5.500092
5.500092
5.500092
5.500092
5.500092
5.500092
5.500092
5.500092
5.500092
5.500092
5.500092
5.558685
5.624725
5.67865
5.688629
5.693939
5.696777
5.698303
5.699524
5.699738
5.69986
5.699921
5.699921
5.699921
5.699921
5.699921
5.699921
5.699921
5.699921
5.699921
5.699921
5.699921
5.699921
5.699921
5.699921
5.699921
5.699921
5.699921
5.699921
5.699921
5.699921
5.699921
5.699921
5.699921
5.699921
5.699921
5.699921
5.699921
5.699921
5.699921
5.699921
5.699921
5.699921
5.699921
5.699921
5.699921
5.699921
5.699921
5.699921
5.699921
5.641327
5.5401
5.521362
5.511383
5.506073
5.503235
5.500916
5.500473
5.500259
5.500137
5.500092
5.500092
5.500092
5.500092
5.500092
5.500092
5.500092
5.500092
5.500092
5.500092
5.500092
5.500092
5.500092
5.500092
5.500092
5.500092
5.500092
5.500092
5.500092
5.500092
5.500092
5.500092
5.500092
5.500092
5.500092
5.500092
5.500092
5.500092
5.500092
5.500092
5.600189
6.606491
7.228561
7.589157
7.781189
7.883484
7.966949
7.982407
7.990631
7.99501
7.997345
7.999252
7.999603
7.999786
7.999908
7.999908
7.999908
7.999908
7.999908
7.999908
7.999908
7.999908
7.999908
7.999908
7.999908
7.999908
7.999908
7.999908
7.999908
7.999908
7.999908
7.999908
7.999908
7.999908
7.999908
7.999908
7.999908
7.999908
7.999908
7.999908
7.999908
7.999908
7.999908
7.999908
7.999908
7.999908
7.999908
7.999908
7.999908
7.999908
7.999908
7.899811
7.487198
6.271439
5.910843
5.718811
5.616516
5.533051
5.517593
5.509369
5.50499
5.502655
5.500748
5.500397
5.500214
5.500092
5.500092
5.500092
5.500092
5.500092
5.500092
5.500092
5.500092
5.500092
5.500092
5.500092
5.500092
5.500092
5.500092
5.500092
5.500092
5.500092
5.500092
5.500092
5.500092
5.500092
5.500092
5.500092
5.500092
5.500092
5.500092
5.600189
5.912659
6.093735
6.190155
6.268829
6.283386
6.291153
6.295303
6.297501
6.299286
6.299622
6.299789
6.299911
6.299911
6.299911
6.299911
6.299911
6.299911
6.299911
6.299911
6.299911
6.299911
6.299911
6.299911
6.299911
6.299911
6.299911
6.299911
6.299911
6.299911
6.299911
6.299911
6.299911
6.299911
6.299911
6.299911
6.299911
6.299911
6.299911
6.299911
6.299911
6.299911
6.299911
6.299911
6.299911
6.299911
6.299911
6.299911
6.299911
6.299911
6.299911
6.299911
6.299911
6.299911
6.299911
6.299911
6.299911
6.299911
6.299911
6.299911
6.199814
5.706268
5.609848
5.558502
5.531174
5.516617
5.5047
5.502502
5.501343
5.500717
5.500214
5.500092
5.500092
5.500092
5.500092
5.500092
5.500092
5.500092
5.500092
5.500092
5.500092
5.500092
5.500092
5.500092
5.500092
5.500092
5.500092
5.500092
5.500092
5.500092
5.500092
5.500092
5.500092
5.500092
5.500092
5.500092
5.500092
5.500092
5.558685
5.624725
5.659912
5.688629
5.693939
5.696777
5.698303
5.699524
5.699738
5.69986
5.699921
5.699921
5.699921
5.699921
5.699921
5.699921
5.699921
5.699921
5.699921
5.699921
5.699921
5.699921
5.699921
5.699921
5.699921
5.699921
5.699921
5.699921
5.699921
5.699921
5.699921
5.699921
5.699921
5.699921
5.699921
5.699921
5.699921
5.699921
5.699921
5.699921
5.699921
5.699921
5.699921
5.699921
5.699921
5.699921
5.641327
5.575287
5.5401
5.511383
5.506073
5.503235
5.501709
5.500916
5.500259
5.500137
5.500092
5.500092
5.500092
5.500092
5.500092
5.500092
5.500092
5.500092
5.500092
5.500092
5.500092
5.500092
5.500092
5.500092
5.500092
5.500092
5.500092
5.500092
5.500092
5.500092
5.500092
5.500092
5.500092
5.500092
5.500092
5.500092
5.500092
5.500092
5.500092
5.500092
5.600189
6.606491
7.228561
7.589157
7.781189
7.883484
7.966949
7.982407
7.990631
7.99501
7.997345
7.999252
7.999603
7.999786
7.999908
7.999908
7.999908
7.999908
7.999908
7.999908
7.999908
7.999908
7.999908
7.999908
7.999908
7.999908
7.999908
7.999908
7.999908
7.999908
7.999908
7.999908
7.999908
7.999908
7.999908
7.999908
7.999908
7.999908
7.999908
7.999908
7.999908
7.999908
7.999908
7.999908
7.999908
7.999908
7.999908
7.999908
7.999908
7.999908
7.899811
7.487198
6.893509
6.271439
5.718811
5.616516
5.562057
5.533051
5.517593
5.50499
5.502655
5.501419
5.500748
5.500397
5.500092
5.500092
5.500092
5.500092
5.500092
5.500092
5.500092
5.500092
5.500092
5.500092
5.500092
5.500092
5.500092
5.500092
5.500092
5.500092
5.500092
5.500092
5.500092
5.500092
5.500092
5.500092
5.500092
5.500092
5.500092
5.500092
5.500092
5.600189
5.912659
6.190155
6.241501
6.268829
6.283386
6.291153
6.297501
6.29866
6.299286
6.299622
6.299911
6.299911
6.299911
6.299911
6.299911
6.299911
6.299911
6.299911
6.299911
6.299911
6.299911
6.299911
6.299911
6.299911
6.299911
6.299911
6.299911
6.299911
6.299911
6.299911
6.299911
6.299911
6.299911
6.299911
6.299911
6.299911
6.299911
6.299911
6.299911
6.299911
6.299911
6.299911
6.299911
6.299911
6.299911
6.299911
6.299911
6.299911
6.299911
6.299911
6.299911
6.299911
6.299911
6.299911
6.299911
6.299911
6.299911
6.299911
6.299911
6.199814
5.887329
5.706268
5.609848
5.558502
5.516617
5.50885
5.5047
5.502502
5.501343
5.500381
5.500214
5.500092
5.500092
5.500092
5.500092
5.500092
5.500092
5.500092
5.500092
5.500092
5.500092
5.500092
5.500092
5.500092
5.500092
5.500092
5.500092
5.500092
5.500092
5.500092
5.500092
5.500092
5.500092
5.500092
5.500092
5.500092
5.500092
5.500092
5.500092
5.558685
5.624725
5.659912
5.688629
5.693939
5.696777
5.698303
5.699097
5.699738
5.69986
5.699921
5.699921
5.699921
5.699921
5.699921
5.699921
5.699921
5.699921
5.699921
5.699921
5.699921
5.699921
5.699921
5.699921
5.699921
5.699921
5.699921
5.699921
5.699921
5.699921
5.699921
5.699921
5.699921
5.699921
5.699921
5.699921
5.699921
5.699921
5.699921
5.699921
5.699921
5.699921
5.699921
5.699921
5.699921
5.699921
5.699921
5.699921
5.699921
5.641327
5.575287
5.5401
5.511383
5.506073
5.503235
5.501709
5.500473
5.500259
5.500137
5.500092
5.500092
5.500092
5.500092
5.500092
5.500092
5.500092
5.500092
5.500092
5.500092
5.500092
5.500092
5.500092
5.500092
5.500092
5.500092
5.500092
5.500092
5.500092
5.500092
5.500092
5.500092
5.500092
5.500092
5.500092
5.500092
5.500092
5.500092
5.500092
5.500092
5.600189
6.606491
7.228561
7.589157
7.781189
7.937943
7.966949
7.982407
7.990631
7.99501
7.998581
7.999252
7.999603
7.999786
7.999908
7.999908
7.999908
7.999908
7.999908
7.999908
7.999908
7.999908
7.999908
7.999908
7.999908
7.999908
7.999908
7.999908
7.999908
7.999908
7.999908
7.999908
7.999908
7.999908
7.999908
7.999908
7.999908
7.999908
7.999908
7.999908
7.999908
7.999908
7.999908
7.999908
7.999908
7.999908
7.999908
7.999908
7.999908
7.999908
7.999908
7.899811
6.893509
6.271439
5.910843
5.718811
5.616516
5.533051
5.517593
5.509369
5.50499
5.501419
5.500748
5.500397
5.500214
5.500092
5.500092
5.500092
5.500092
5.500092
5.500092
5.500092
5.500092
5.500092
5.500092
5.500092
5.500092
5.500092
5.500092
5.500092
5.500092
5.500092
5.500092
5.500092
5.500092
5.500092
5.500092
5.500092
5.500092
5.500092
5.500092
5.912659
6.093735
6.190155
6.241501
6.268829
6.291153
6.295303
6.297501
