0
0
0
0
0
0
0
0
0
0
0
0
0
0
0
0
0
0
0
0
0
0
0
0
0
0
0
0
0
0
0
0
0
0
0
0
0
0
0
0
0
0
0
0
0
0
0
0
0
0
0
0
0
0
0
0
0
0
0
0
0
0
0
0
0
0
0
0
0
0
0
0
0
0
0
0
0
0.1001434
0.5127716
1.796585
2.538071
3.3069
4.090332
4.744141
5.285645
5.385834
5.439194
5.467621
5.482758
5.495102
5.497375
5.498596
5.499252
5.499603
5.499908
5.499908
5.499908
5.499908
5.499908
5.499908
5.499908
5.499908
5.499908
5.499908
5.499908
5.499908
5.499908
5.499908
5.499908
5.499908
5.499908
5.499908
5.499908
5.499908
5.499908
5.499908
5.499908
5.499908
5.499908
5.499908
5.499908
5.499908
5.499908
5.499908
5.399811
4.723907
4.572525
4.491882
4.448914
4.426056
4.407379
4.403915
4.4021
4.401123
4.400604
4.400177
4.400085
4.400085
4.400085
4.400085
4.400085
4.400085
4.400085
4.400085
4.400085
4.400085
4.400085
4.400085
4.400085
4.400085
4.400085
4.400085
4.400085
4.400085
4.400085
4.400085
4.400085
4.400085
4.400085
4.400085
4.400085
4.400085
4.400085
4.400085
4.400085
4.400085
4.400085
4.400085
4.400085
4.400085
4.400085
4.400085
4.400085
4.400085
4.500183
4.8918
5.176102
5.408112
5.45108
5.473938
5.48613
5.492615
5.497894
5.498886
5.499405
5.499695
5.499832
5.499908
5.499908
5.499908
5.499908
5.499908
5.499908
5.499908
5.499908
5.499908
5.499908
5.499908
5.499908
5.499908
5.499908
5.499908
5.499908
5.499908
5.499908
5.499908
5.499908
5.499908
5.499908
5.499908
5.499908
5.499908
5.499908
5.499908
5.375275
5.340088
5.32135
5.311371
5.303223
5.301697
5.300903
5.300476
5.300262
5.300079
5.300079
5.300079
5.300079
5.300079
5.300079
5.300079
5.300079
5.300079
5.300079
5.300079
5.300079
5.300079
5.300079
5.300079
5.300079
5.300079
5.300079
5.300079
5.300079
5.300079
5.300079
5.300079
5.300079
5.300079
5.300079
5.300079
5.300079
5.300079
5.300079
5.300079
5.300079
5.300079
5.300079
5.300079
5.300079
5.300079
5.300079
5.300079
5.300079
5.300079
5.300079
5.300079
5.300079
5.300079
5.300079
5.300079
5.300079
5.300079
5.300079
5.300079
5.300079
5.358673
5.424713
5.478638
5.488617
5.493927
5.496765
5.498291
5.499527
5.499741
5.499863
5.499908
5.499908
5.499908
5.499908
5.499908
5.499908
5.499908
5.499908
5.499908
5.499908
5.499908
5.499908
5.499908
5.499908
5.499908
5.499908
5.499908
5.499908
5.499908
5.499908
5.499908
5.499908
5.499908
5.499908
5.499908
5.499908
5.499908
5.499908
5.499908
5.499908
5.499908
5.499908
5.499908
5.499908
5.99173
6.276047
6.42746
6.508118
6.551086
6.586136
6.592621
6.596085
6.5979
6.598877
6.599686
6.599823
6.599915
6.599915
6.599915
6.599915
6.599915
6.599915
6.599915
6.599915
6.599915
6.599915
6.599915
6.599915
6.599915
6.599915
6.599915
6.599915
6.599915
6.599915
6.599915
6.599915
6.599915
6.599915
6.599915
6.599915
6.599915
6.599915
6.599915
6.599915
6.599915
6.599915
6.599915
6.599915
6.599915
6.599915
6.599915
6.599915
6.599915
6.599915
6.599915
6.599915
6.599915
6.599915
6.599915
6.599915
6.599915
6.599915
6.599915
6.599915
6.599915
6.599915
6.599915
6.599915
6.599915
6.599915
6.499817
6.1082
5.823898
5.591888
5.54892
5.526062
5.51387
5.507385
5.502106
5.501114
5.500595
5.500305
5.500168
5.500092
5.500092
5.500092
5.500092
5.500092
5.500092
5.500092
5.500092
5.500092
5.500092
5.500092
5.500092
5.500092
5.500092
5.500092
5.500092
5.500092
5.500092
5.500092
5.500092
5.500092
5.500092
5.500092
5.500092
5.500092
5.500092
5.500092
5.500092
5.500092
5.500092
5.500092
5.399918
5.00827
4.57254
4.491882
4.448914
4.426056
4.413864
4.403915
4.4021
4.401123
4.400604
4.400314
4.400085
4.400085
4.400085
4.400085
4.400085
4.400085
4.400085
4.400085
4.400085
4.400085
4.400085
4.400085
4.400085
4.400085
4.400085
4.400085
4.400085
4.400085
4.400085
4.400085
4.400085
4.400085
4.400085
4.400085
4.400085
4.400085
4.400085
4.400085
4.400085
4.400085
4.400085
4.400085
4.400085
4.400085
4.400085
4.400085
4.400085
4.400085
4.500183
4.8918
5.176102
5.408112
5.45108
5.473938
5.48613
5.496078
5.497894
5.498886
5.499695
5.499832
5.499908
5.499908
5.499908
5.499908
5.499908
5.499908
5.499908
5.499908
5.499908
5.499908
5.499908
5.499908
5.499908
5.499908
5.499908
5.499908
5.499908
5.499908
5.499908
5.499908
5.499908
5.499908
5.499908
5.499908
5.499908
5.499908
5.499908
5.499908
5.441315
5.340088
5.32135
5.311371
5.306061
5.303223
5.300903
5.300476
5.300262
5.30014
5.300079
5.300079
5.300079
5.300079
5.300079
5.300079
5.300079
5.300079
5.300079
5.300079
5.300079
5.300079
5.300079
5.300079
5.300079
5.300079
5.300079
5.300079
5.300079
5.300079
5.300079
5.300079
5.300079
5.300079
5.300079
5.300079
5.300079
5.300079
5.300079
5.300079
5.300079
5.300079
5.300079
5.300079
5.300079
5.300079
5.300079
5.300079
5.300079
5.300079
5.300079
5.300079
5.300079
5.300079
5.300079
5.300079
5.300079
5.300079
5.300079
5.300079
5.358673
5.424713
5.4599
5.488617
5.493927
5.496765
5.498291
5.499084
5.499741
5.499863
5.499908
5.499908
5.499908
5.499908
5.499908
5.499908
5.499908
5.499908
5.499908
5.499908
5.499908
5.499908
5.499908
5.499908
5.499908
5.499908
5.499908
5.499908
5.499908
5.499908
5.499908
5.499908
5.499908
5.499908
5.499908
5.499908
5.499908
5.499908
5.499908
5.499908
5.499908
5.499908
5.499908
5.600082
5.99173
6.276047
6.42746
6.551086
6.573944
6.586136
6.592621
6.596085
6.598877
6.599396
6.599686
6.599823
6.599915
6.599915
6.599915
6.599915
6.599915
6.599915
6.599915
6.599915
6.599915
6.599915
6.599915
6.599915
6.599915
6.599915
6.599915
6.599915
6.599915
6.599915
6.599915
6.599915
6.599915
6.599915
6.599915
6.599915
6.599915
6.599915
6.599915
6.599915
6.599915
6.599915
6.599915
6.599915
6.599915
6.599915
6.599915
6.599915
6.599915
6.599915
6.599915
6.599915
6.599915
6.599915
6.599915
6.599915
6.599915
6.599915
6.599915
6.599915
6.599915
6.599915
6.599915
6.599915
6.599915
6.599915
6.499817
6.1082
5.823898
5.672516
5.54892
5.526062
5.51387
5.507385
5.502106
5.501114
5.500595
5.500305
5.500168
5.500092
5.500092
5.500092
5.500092
5.500092
5.500092
5.500092
5.500092
5.500092
5.500092
5.500092
5.500092
5.500092
5.500092
5.500092
5.500092
5.500092
5.500092
5.500092
5.500092
5.500092
5.500092
5.500092
5.500092
5.500092
5.500092
5.500092
5.500092
5.500092
5.500092
5.500092
5.399918
5.00827
4.57254
4.491882
4.448914
4.426056
4.413864
4.403915
4.4021
4.401123
4.400314
4.400177
4.400085
4.400085
4.400085
4.400085
4.400085
4.400085
4.400085
4.400085
4.400085
4.400085
4.400085
4.400085
4.400085
4.400085
4.400085
4.400085
4.400085
4.400085
4.400085
4.400085
4.400085
4.400085
4.400085
4.400085
4.400085
4.400085
4.400085
4.400085
4.400085
4.400085
4.400085
4.400085
4.400085
4.400085
4.400085
4.400085
4.400085
4.400085
4.500183
4.8918
5.327484
5.408112
5.45108
5.473938
5.48613
5.496078
5.497894
5.498886
5.499405
5.499832
5.499908
5.499908
5.499908
5.499908
5.499908
5.499908
5.499908
5.499908
5.499908
5.499908
5.499908
5.499908
5.499908
5.499908
5.499908
5.499908
5.499908
5.499908
5.499908
5.499908
5.499908
5.499908
5.499908
5.499908
5.499908
5.499908
5.499908
5.441315
5.375275
5.340088
5.32135
5.311371
5.303223
5.301697
5.300903
5.300476
5.300262
5.300079
5.300079
5.300079
5.300079
5.300079
5.300079
5.300079
5.300079
5.300079
5.300079
5.300079
5.300079
5.300079
5.300079
5.300079
5.300079
5.300079
5.300079
5.300079
5.300079
5.300079
5.300079
5.300079
5.300079
5.300079
5.300079
5.300079
5.300079
5.300079
5.300079
5.300079
5.300079
5.300079
5.300079
5.300079
5.300079
5.300079
5.300079
5.300079
5.300079
5.300079
5.300079
5.300079
5.300079
5.300079
5.300079
5.300079
5.300079
5.300079
5.300079
5.300079
5.300079
5.300079
5.358673
5.424713
5.478638
5.488617
5.493927
5.496765
5.498291
5.499527
5.499741
5.499863
5.499908
5.499908
5.499908
5.499908
5.499908
5.499908
5.499908
5.499908
5.499908
5.499908
5.499908
5.499908
5.499908
5.499908
5.499908
5.499908
5.499908
5.499908
5.499908
5.499908
5.499908
5.499908
5.499908
5.499908
5.499908
5.499908
5.499908
5.499908
5.499908
5.499908
5.499908
5.499908
5.499908
5.600082
5.99173
6.276047
6.508118
6.551086
6.573944
6.586136
6.592621
6.5979
6.598877
6.599396
6.599686
6.599823
6.599915
6.599915
6.599915
6.599915
6.599915
6.599915
6.599915
6.599915
6.599915
6.599915
6.599915
6.599915
6.599915
6.599915
6.599915
6.599915
6.599915
6.599915
6.599915
6.599915
6.599915
6.599915
6.599915
6.599915
6.599915
6.599915
6.599915
6.599915
6.599915
6.599915
6.599915
6.599915
6.599915
6.599915
6.599915
6.599915
6.599915
6.599915
6.599915
6.599915
6.599915
6.599915
6.599915
6.599915
6.599915
6.599915
6.599915
6.599915
6.599915
6.599915
6.599915
6.599915
6.599915
6.499817
5.823898
5.672516
5.591888
5.54892
5.526062
5.507385
5.503922
5.502106
5.501114
5.500595
5.500168
5.500092
5.500092
5.500092
5.500092
5.500092
5.500092
5.500092
5.500092
5.500092
5.500092
5.500092
5.500092
5.500092
5.500092
5.500092
5.500092
5.500092
5.500092
5.500092
5.500092
5.500092
5.500092
5.500092
5.500092
5.500092
5.500092
5.500092
5.500092
5.500092
5.500092
5.500092
5.399918
5.00827
4.723953
4.57254
4.491882
4.426056
4.413864
4.407379
4.403915
4.401123
4.400604
4.400314
4.400177
4.400085
4.400085
4.400085
4.400085
4.400085
4.400085
4.400085
4.400085
4.400085
4.400085
4.400085
4.400085
4.400085
4.400085
4.400085
4.400085
4.400085
4.400085
4.400085
4.400085
4.400085
4.400085
4.400085
4.400085
4.400085
4.400085
4.400085
4.400085
4.400085
4.400085
4.400085
4.400085
4.400085
4.400085
4.400085
4.400085
4.400085
4.400085
4.8918
5.176102
5.327484
5.408112
5.45108
5.48613
5.492615
5.496078
5.497894
5.498886
5.499695
5.499832
5.499908
5.499908
5.499908
5.499908
5.499908
5.499908
5.499908
5.499908
5.499908
5.499908
5.499908
5.499908
5.499908
5.499908
5.499908
5.499908
5.499908
5.499908
5.499908
5.499908
5.499908
5.499908
5.499908
5.499908
5.499908
5.499908
5.499908
5.499908
5.441315
5.340088
5.32135
5.311371
5.306061
5.303223
5.300903
5.300476
5.300262
5.30014
5.300079
5.300079
5.300079
5.300079
5.300079
5.300079
5.300079
5.300079
5.300079
5.300079
5.300079
5.300079
