0
0
0
0
0
0
0
0
0
0
0
0
0
0
0
0
0
0
0
0
0
0
0
0
0
0
0
0
0
0
0
0
0
0
0
0
0
0
0
0
0
0
0
0
0
0
0
0
0
0
0
0
0
0
0
0
0
0
0
0
0
0
0
0
0
0
0
0
0
0
0
0
0
0
0
0
0
0
0
0
0
0
0
0
0
0
0
0
0
0
0
0
0
0
0
0
0
0
1.849642
2.847204
3.556523
4.060831
4.674263
4.855485
4.984341
4.974465
4.889154
4.785347
4.755764
4.73474
4.574246
3.906817
2.058949
1.46616
1.04476
0.7452154
0.5322886
0.2733088
0
0
0
0
0
0
0
0
0
0
0
0
0
0
0
0
0
0
0.8051491
1.850386
3.171601
4.689016
6.200013
8.080254
8.635712
9.030623
9.31138
9.510994
9.753795
9.825525
9.876518
9.912767
9.956865
9.969897
9.979162
9.985747
9.990435
9.996138
9.851408
9.195004
8.150263
6.829438
3.801632
2.702928
1.921787
1.36641
0.6908131
0.4912186
0.3493071
0.2484179
0
0
0
0
0
0
0
0
0
0
0
0
0
0
0
0
0
0
0.8044577
1.849709
3.556542
4.060845
4.419384
4.674273
4.855494
4.974465
4.889083
4.827361
4.785075
4.734635
4.719744
4.563618
3.899288
2.887506
1.46349
1.042881
0.7438993
0.5313683
0.2728796
0
0
0
0
0
0
0
0
0
0
0
0
0
0
0
0
0
0
0
0.8052826
1.850519
3.171735
4.68915
7.194266
7.998877
8.577514
8.988705
9.487185
9.634695
9.73947
9.814425
9.867873
9.933372
9.952912
9.966922
9.976888
9.988737
9.992328
9.994683
9.996533
9.195194
8.150401
6.829538
5.312386
2.702966
1.921816
1.366429
0.97157
0.4912329
0.3493261
0.2484369
0
0
0
0
0
0
0
0
0
0
0
0
0
0
0
0
0
0
0
0.8044338
2.847233
3.556538
4.060841
4.419379
4.674268
4.984345
4.974465
4.889331
4.827619
4.785314
4.734726
4.719806
4.563627
3.899283
2.887492
1.463461
1.042843
0.7438564
0.5313253
0.3802395
0
0
0
0
0
0
0
0
0
0
0
0
0
0
0
0
0
0
0.8031702
1.496515
1.987085
2.323027
2.756281
2.885313
2.976809
3.041844
3.088074
3.144312
3.160925
3.172736
3.181133
3.187099
3.194361
3.196502
3.051653
2.397165
1.211829
0.8616352
0.6126595
0.4356432
0.3097963
0
0
0
0
0
0
0
0
0
0
0
0
0
0
0
0
0
0
0
0
0
0
0
0
0
0
0
0
0
0
0
0
0
0
0
0
0
0
0.804348
1.849642
3.556523
4.060831
4.41937
4.674263
4.855485
4.974465
4.889026
4.827499
4.785266
4.734683
4.719753
4.56358
3.899226
2.88744
1.463413
1.042795
0.7438183
0.5312872
0.3802013
0
0
0
0
0
0
0
0
0
0
0
0
0
0
0
0
0
0
0.8051586
1.85039
4.689007
6.19998
7.298932
8.08022
9.030585
9.311347
9.510961
9.652867
9.753757
9.876485
9.912734
9.938512
9.956837
9.969869
9.985714
9.990401
9.993734
9.996099
9.194984
8.150253
6.829433
5.312304
3.801632
1.921787
1.36641
0.9715557
0.6908131
0.4912186
0.2484179
0
0
0
0
0
0
0
0
0
0
0
0
0
0
0
0
0
0
0.8044958
2.847266
3.556561
4.060855
4.419389
4.674277
4.984355
4.97448
4.889145
4.827571
4.785328
4.734721
4.719791
4.563613
3.899269
2.887454
1.463428
1.042809
0.7438278
0.5312967
0.3802156
0
0
0
0
0
0
0
0
0
0
0
0
0
0
0
0
0
0
0
0
1.850438
3.171649
4.689069
6.185894
7.247429
8.607645
9.005847
9.289422
9.493794
9.639583
9.817557
9.870272
9.907918
9.934855
9.967742
9.977317
9.984179
9.988861
9.992161
9.996285
9.851532
9.195094
8.150344
5.312352
3.801665
2.702956
1.921811
1.366429
0.6908274
0.4912329
0.3493261
0.2484369
0
0
0
0
0
0
0
0
0
0
0
0
0
0
0
0
0
0
0
1.849689
2.847233
3.556538
4.060841
4.674268
4.85549
4.984345
4.974475
4.889169
4.785342
4.755754
4.734726
4.719787
4.563608
2.887444
2.055111
1.463428
1.042809
0.531292
0.3802061
0.2727985
0
0
0
0
0
0
0
0
0
0
0
0
0
0
0
0
0
0
0.8031464
1.496487
1.98945
2.339916
2.764606
2.890635
2.98007
3.044167
3.122182
3.145223
3.161602
3.173246
3.181524
3.19159
3.194566
3.196683
3.051805
2.397285
1.211901
0.8616829
0.6126928
0.4356718
0.2203321
0
0
0
0
0
0
0
0
0
0
0
0
0
0
0
0
0
0
0
0
0
0
0
0
0
0
0
0
0
0
0
0
0
0
0
0
0
1.849642
2.847204
3.556523
4.060831
4.41937
4.855485
4.984341
4.97447
4.889383
4.785218
4.755669
4.734664
4.719739
4.563575
2.88744
2.055106
1.042805
0.7438231
0.531292
0.3802061
0
0
0
0
0
0
0
0
0
0
0
0
0
0
0
0
0
0.8051205
1.850362
3.171577
6.199985
7.298927
8.08022
9.030595
9.311357
9.51097
9.753766
9.825497
9.876494
9.938521
9.956851
9.969883
9.979153
9.990416
9.993749
9.851398
9.194994
6.829438
5.312304
3.801632
1.921787
1.36641
0.9715557
0.4912186
0.3493071
0.2484179
0
0
0
0
0
0
0
0
0
0
0
0
0
0
0
0
0
0
0.8044577
1.849709
2.847242
4.060845
4.419384
4.674273
4.855494
4.98435
4.889054
4.827342
4.785056
4.755578
4.719725
4.563599
3.899269
2.887487
2.055154
1.042881
0.7438993
0.5313683
0.3802824
0.2728701
0
0
0
0
0
0
0
0
0
0
0
0
0
0
0
0
0
0
0
0.8052588
3.171721
4.689136
6.185927
7.249541
8.608413
9.010658
9.296656
9.500012
9.644585
9.820242
9.872355
9.909291
9.935551
9.954219
9.976921
9.98363
9.988403
9.991794
9.994206
9.851155
9.194827
8.150144
6.829357
3.801594
2.702909
1.921763
1.366405
0.9715557
0.4912281
0.3493214
0.2484322
0
0
0
0
0
0
0
0
0
0
0
0
0
0
0
0
0
0
0.8044481
1.849704
2.847238
4.060841
4.419379
4.674268
4.85549
4.984345
4.889469
4.827576
4.785161
4.75564
4.719758
4.563618
3.899283
2.887497
2.055163
1.042876
0.7438946
0.5313635
0.3802776
0.2728653
0
0
0
0
0
0
0
0
0
0
0
0
0
0
0
0
0
0
0.8032179
1.989508
2.339969
2.589126
2.766266
2.981734
3.045392
3.090649
3.122816
3.14569
3.173509
3.181734
3.187575
3.191733
3.19468
3.051867
2.397323
1.704507
1.21191
0.6126976
0.4356718
0.3098154
0.2203321
0
0
0
0
0
0
0
0
0
0
0
0
0
0
0
0
0
0
0
0
0
0
0
0
0
0
0
0
0
0
0
0
0
0
0
0
0
0.804348
1.849642
2.847204
3.556523
4.41937
4.674263
4.855485
4.984341
4.974461
4.827399
4.785204
4.755659
4.734659
4.719739
3.899226
2.88744
2.055111
1.463428
0.7438326
0.5312967
0.3802109
0.2728033
0
0
0
0
0
0
0
0
0
0
0
0
0
0
0
0
0
0
0.8051252
1.850362
3.171577
6.199985
7.298932
8.080225
8.635693
9.0306
9.51097
9.652882
9.753771
9.825501
9.876499
9.938526
9.956856
9.969888
9.979157
9.99042
9.993753
9.996119
9.851398
9.194994
8.150258
5.312304
3.801632
2.702928
1.921787
1.36641
0.6908131
0.4912186
0.3493071
0.2484179
0
0
0
0
0
0
0
0
0
0
0
0
0
0
0
0
0
0.8044958
1.849742
3.556561
4.060855
4.419389
4.674277
4.984355
4.974475
4.889369
4.827566
4.785209
4.734697
4.719782
4.563632
3.899298
2.887506
1.46349
1.042881
0.7438993
0.5313683
0.3802824
0
0
0
0
0
0
0
0
0
0
0
0
0
0
0
0
0
0
0
0
1.850505
3.171721
4.689136
6.183095
8.036976
8.604388
9.005752
9.291797
9.49389
9.741716
9.815993
9.868984
9.906468
9.933252
9.96655
9.976454
9.983602
9.988446
9.994555
9.996357
9.85147
9.195056
8.150301
5.312328
3.801651
2.702951
1.921806
0.97157
0.6908274
0.4912329
0.3493261
0.2484369
0
0
0
0
0
0
0
0
0
0
0
0
0
0
0
0
0
0
0.8044338
1.849689
2.847233
3.556538
4.419379
4.674268
4.85549
4.984345
4.974465
4.827533
4.785247
4.755707
4.734712
4.563632
3.899293
2.887502
2.055163
1.042876
0.7438946
0.5313635
0.3802776
0
0
0
0
0
0
0
0
0
0
0
0
