0
0
0
0
0
0
0
0
0
0
0
0
0
0
0
0
0
0
0
0
0
0
0
0
0
0
0
0
0
0
0
0
0
0
0
0
0
0
0
0
0
0
0
0
0
0
0
0
0
0
0
0
0
0
0
0
0
0
0
0
0
0
0
0
0
0
0
0
0
0
0
0
0
0
0
0
0
0
0
0
0
0
0
0
0
0
0
0
0
0
0
0
0
0
0
0
0
0
0
0
0
0
0
0
0
0.8043575
1.849642
2.847204
4.060831
4.41937
4.674263
4.855485
4.984341
4.974465
4.827738
4.785404
4.755807
4.734764
4.574265
2.892847
2.058959
1.466169
1.044769
0.745225
0.3809309
0.2733183
0
0
0
0
0
0
0
0
0
0
0
0
0
0
0
0
0
0
0
0
0
0
0
0
0
0
0.8129883
3.179464
4.671245
5.868354
6.719303
7.324176
8.059764
8.277016
8.431439
8.541207
8.619251
8.714137
8.742166
8.762078
8.776236
8.786297
8.793449
8.802133
8.656693
7.999301
6.95384
5.632477
2.944508
2.093906
1.489177
1.059237
0.7535696
0.5362511
0.2719021
0
0
0
0
0
0
0
0
0
0
0
0
0
0
0
0
0
0
0
0
0
0
0
0
0
0
0.8043671
2.847209
3.556528
4.060836
4.419374
4.674268
4.984345
4.974461
4.889464
4.827919
4.755874
4.734831
4.719877
4.563708
3.89936
2.055197
1.463509
1.042891
0.7439041
0.531373
0.2728844
0
0
0
0
0
0
0
0
0
0
0
0
0
0
0
0
0
0
0
0
0
0
0
0
0.8110189
1.856232
3.177514
5.866151
6.717005
7.321849
7.751789
8.274689
8.429136
8.538933
8.616982
8.672447
8.73991
8.759832
8.773994
8.784056
8.791218
8.799915
8.654847
7.997837
6.952667
4.140096
2.94383
2.093325
1.488643
1.05875
0.5358124
0.3813171
0.2714634
0
0
0
0
0
0
0
0
0
0
0
0
0
0
0
0
0
0
0
0
0
0
0
0
0.8043623
1.849647
3.556528
4.060836
4.419374
4.674268
4.85549
4.974465
4.889388
4.827657
4.785333
4.755745
4.719806
4.563632
3.899288
2.887492
1.463461
1.042843
0.7438612
0.5313253
0.3802395
0
0
0
0
0
0
0
0
0
0
0
0
0
0
0
0
0
0
0
0
0
0
0
0
0.8117533
1.591387
2.540374
2.820663
3.019896
3.161521
3.2622
3.384633
3.420782
3.446484
3.464742
3.477736
3.493533
3.498192
3.501501
3.356075
2.69877
1.365118
0.9709549
0.6907368
0.4915094
0.349865
0
0
0
0
0
0
0
0
0
0
0
0
0
0
0
0
0
0
0
0
0
0
0
0
0
0
0
0
0
0
0
0
0
0
0
0
0
0
0
0
0
0
0
0.8043623
1.849647
2.847209
3.556528
4.419374
4.674268
4.85549
4.984345
4.88946
4.827719
4.78538
4.755783
4.719801
4.563622
3.89926
2.887454
2.055116
1.042819
0.7438326
0.5313015
0.3802156
0.2728081
0
0
0
0
0
0
0
0
0
0
0
0
0
0
0
0
0
0
0
0
0
0
0
0
0.8129692
1.858158
3.17944
4.671216
5.868335
7.324152
7.754111
8.05974
8.276997
8.431425
8.619227
8.674698
8.714123
8.742142
8.776217
8.786278
8.793435
8.798513
8.802118
7.999291
6.953831
5.632467
4.140906
2.093902
1.489172
1.059232
0.7535648
0.5362463
0.2719021
0
0
0
0
0
0
0
0
0
0
0
0
0
0
0
0
0
0
0
0
0
0
0
0
0
0.8043671
1.849647
2.847209
4.060836
4.419374
4.674268
4.85549
4.984345
4.889183
4.82759
4.785342
4.75575
4.734721
4.563603
3.89926
2.887449
2.055116
1.463423
0.7438278
0.5312967
0.3802156
0.2727985
0
0
0
0
0
0
0
0
0
0
0
0
0
0
0
0
0
0
0
0
0
0
0
0.8109474
3.177443
4.669142
5.866065
6.716914
7.321754
8.057332
8.274589
8.429036
8.538837
8.616877
8.711791
8.73982
8.759747
8.773904
8.791132
8.79621
8.79982
8.65478
7.997799
5.631475
4.140072
2.943821
2.09332
1.488638
0.7530975
0.5358124
0.3813171
0.2714634
0
0
0
0
0
0
0
0
0
0
0
0
0
0
0
0
0
0
0
0
0
0
0
0
0.8043623
2.847209
3.556528
4.419374
4.85549
4.984345
4.88935
4.827638
4.785323
4.75574
4.734707
4.574227
3.906803
2.892814
2.05893
1.04475
0.7452059
0.5322742
0.3808975
0.2732897
0
0
0
0
0
0
0
0
0
0
0
0
0
0
0
0
0
0
0
0
0
0
0
0
0.8117294
1.591353
2.54034
2.82063
3.019862
3.161488
3.262172
3.384604
3.420758
3.446455
3.464718
3.477702
3.486938
3.4935
3.498158
3.501468
2.69875
1.919494
1.365113
0.9709549
0.6907368
0.349865
0.2491522
0
0
0
0
0
0
0
0
0
0
0
0
0
0
0
0
0
0
0
0
0
0
0
0
0
0
0
0
0
0
0
0
0
0
0
0
0
0
0
0
0
0
0
0.8043623
1.849647
2.847209
3.556528
4.419374
4.674268
4.85549
4.984345
4.974465
4.889164
4.785342
4.755754
4.734731
4.719791
4.563613
2.887449
2.055116
1.463432
1.042814
0.7438326
0.3802109
0.2728033
0
0
0
0
0
0
0
0
0
0
0
0
0
0
0
0
0
0
0
0
0
0
0
0
0
0.8129692
3.17944
4.671216
5.868335
6.719279
7.324152
8.05974
8.276992
8.43142
8.541188
8.674698
8.714118
8.742142
8.762054
8.776212
8.786273
8.798513
8.802118
8.656683
7.999291
5.632467
4.140906
2.944503
2.093902
1.489172
0.7535648
0.5362463
0.3817463
0.2719021
0
0
0
0
0
0
0
0
0
0
0
0
0
0
0
0
0
0
0
0
0
0
0
0
0.8043671
2.847209
3.556528
4.060836
4.419374
4.674268
4.984345
4.974465
4.889011
4.827299
4.785037
4.734602
4.719715
4.563589
3.89926
2.887478
1.463475
1.042876
0.7438946
0.5313635
0.3802824
0
0
0
0
0
0
0
0
0
0
0
0
0
0
0
0
0
0
0
0
0
0
0
0
0
0.8110094
1.856232
3.177505
4.669209
6.716986
7.32183
7.751765
8.057408
8.27467
8.429117
8.616953
8.672423
8.711863
8.739891
8.759813
8.773975
8.784041
8.796282
8.799896
8.654838
7.997828
6.952658
4.140086
2.943826
2.093325
1.488643
1.05875
0.5358124
0.3813171
0.2714634
0
0
0
0
0
0
0
0
0
0
0
0
0
0
0
0
0
0
0
0
0
0
0
0
1.849647
2.847209
3.556528
4.060836
4.419374
4.85549
4.984345
4.974465
4.889455
4.82779
4.755783
4.73475
4.719825
4.563661
3.899317
2.055173
1.463494
1.042881
0.7438993
0.3802824
0.2728653
0
0
0
0
0
0
0
0
0
0
0
0
0
0
0
0
0
0
0
0
0
0
0
0
0.8117867
1.591434
2.146115
2.540417
3.019938
3.161564
3.262248
3.333812
3.42083
3.446531
3.464794
3.477778
3.48701
3.49823
3.501539
3.356109
2.698793
1.919513
0.9709549
0.6907368
0.4915094
0.349865
0.2491522
0
0
0
0
0
0
0
0
0
0
0
0
0
0
0
0
0
0
0
0
0
0
0
0
0
0
0
0
0
0
0
0
0
0
0
0
0
0
0
0
0
0
0
0
0
0
0
0
0
0
0
0
0
0
0
0
0
0
0
0
0
0
0
0
0
0
0
0
0
0
0
0
0
0
0
0
0
0
0
0
0
0
0
0
0
0
0
0
0
0
0
0
0
0
0
0
0
0
0.8043623
1.849647
2.847209
3.556528
4.419374
4.674268
4.85549
4.984345
4.974465
4.827518
4.78529
4.755721
4.734702
4.719782
3.89925
2.887449
2.055116
1.463432
1.042814
0.5312967
0.3802109
0.2728033
0
0
0
0
0
0
0
0
0
0
0
0
0
0
0
0
0
0
0
0
0
0
0
0
0.8129692
1.858158
3.17944
4.671216
6.709371
7.306871
7.740979
8.048019
8.235636
8.419647
8.462119
8.497953
8.494358
8.502679
8.49813
8.510008
8.517494
8.522248
