0
0
0
0
0
0
0
0
0
0
0
0
0
0
0
0
0
0
0
0
0
0
0
0
0
0
0
0
0
0
0
0
0
0
0
0
0
0
0
0
0
0
0
0
0
0
0
0
0
0
0
0
0
0
0
0
0
0
0
0
0
0
0
0
0
0
0
0
0
0
0
0
0
0
0
0
0
0
0
0
0
0
0
0
0
0
0
0
0
0
0
0
0
0
0
0
0
0
0
0
0.8043575
1.849642
3.556523
4.060831
4.41937
4.674263
4.855485
4.974465
4.889183
4.827514
4.785247
4.734683
4.574203
3.906789
2.892809
2.05893
1.04476
0.7452154
0.5322933
0.3809261
0.2733135
0
0
0
0
0
0
0
0
0
0
0
0
0
0
0
0
0
0
0
1.850462
3.171678
4.683108
5.960393
6.868491
7.973094
8.299422
8.531423
8.69637
8.813629
8.956275
8.998408
9.028363
9.049659
9.075565
9.083214
9.088655
9.092526
9.097233
8.952198
8.295569
7.250671
5.929732
3.141527
2.233605
1.588111
1.129179
0.8028889
0.4059649
0.2887011
0.2053308
0
0
0
0
0
0
0
0
0
0
0
0
0
0
0
0
0
0
0
0.8044291
2.847233
3.556538
4.060841
4.419379
4.674268
4.984345
4.974461
4.889464
4.827929
4.785466
4.734831
4.574332
3.906913
2.892928
1.466227
1.044827
0.7452822
0.5323553
0.2733803
0
0
0
0
0
0
0
0
0
0
0
0
0
0
0
0
0
0
0
0
0
0
0.8085585
1.8538
3.175058
4.686599
6.805267
7.341585
7.768383
8.127346
7.707114
7.60922
7.648649
7.661781
7.670822
7.89063
8.132658
8.412476
8.611417
8.853421
8.924923
8.975749
9.011879
9.037566
9.068809
9.078045
9.084616
9.089274
9.094944
9.096627
8.951855
8.295541
5.930066
4.418941
3.141966
2.234073
1.588597
0.8034039
0.5714226
0.4064941
0.2892399
0.2058744
0
0
0
0
0
0
0
0
0
0
0
0
0
0
0
0
0
0
0
0
0
0
0.8043766
1.849651
3.556528
4.060836
4.419374
4.674268
4.85549
4.974465
4.888883
4.827394
4.785209
4.734669
4.719753
4.563594
3.899255
2.887464
1.463447
1.042829
0.7438469
0.5313158
0.3802299
0
0
0
0
0
0
0
0
0
0
0
0
0
0
0
0
0
0
0
0
0
0
0
0.8098555
1.855087
2.910647
3.661461
4.195204
4.844332
5.036077
5.172386
5.269284
5.338149
5.42192
5.446653
5.464244
5.476747
5.485635
5.491948
5.49964
5.354514
4.697523
3.652358
2.597375
1.313429
0.9341145
0.6644487
0.472703
0.33638
0
0
0
0
0
0
0
0
0
0
0
0
0
0
0
0
0
0
0
0
0
0
0
0
0
0
0
0
0
0
0
0
0
0
0
0
0
0
0
0
0
0.8043671
1.849647
3.556528
4.060836
4.419374
4.674268
4.85549
4.974465
4.88935
4.827633
4.785318
4.755735
4.719787
4.563608
3.89926
2.887459
2.055116
1.042819
0.7438278
0.5312967
0.3802109
0
0
0
0
0
0
0
0
0
0
0
0
0
0
0
0
0
0
0
0.8052444
3.171682
4.683113
5.960398
6.868491
7.973089
8.299413
8.531413
8.696342
8.813605
8.956246
8.99838
9.02833
9.049635
9.075561
9.083209
9.08865
9.092522
9.095273
8.952198
8.295569
7.250671
5.929732
3.141527
2.233605
1.588111
1.129179
0.8028889
0.4059649
0.2887011
0.2053308
0
0
0
0
0
0
0
0
0
0
0
0
0
0
0
0
0
0
0.8044291
1.849689
2.847233
3.556538
4.419379
4.674268
4.85549
4.984345
4.97447
4.827738
4.785395
4.755793
4.73475
4.719801
3.899255
2.887449
2.055116
1.463423
0.7438278
0.5312967
0.3802109
0.2728033
0
0
0
0
0
0
0
0
0
0
0
0
0
0
0
0
0
0
0
0
0
0
0.8084774
1.853719
4.686518
5.956182
6.818604
7.412648
8.150454
7.709684
7.549987
7.801199
7.751861
7.948189
8.034472
8.316927
8.525352
8.684382
8.8873
8.948402
8.992205
9.02359
9.061785
9.072862
9.081016
9.086785
9.090967
9.095931
8.951397
8.295212
7.250624
5.929904
3.141894
2.23402
1.588559
1.129661
0.5714083
0.4064846
0.2892303
0.2058649
0
0
0
0
0
0
0
0
0
0
0
0
0
0
0
0
0
0
0
0
0
0
0.8043766
1.849651
2.847209
3.556528
4.419374
4.674268
4.85549
4.984345
4.974475
4.827757
4.785414
4.755802
4.734755
3.906822
2.892828
2.058945
1.466155
1.044755
0.532279
0.3809023
0.2732944
0
0
0
0
0
0
0
0
0
0
0
0
0
0
0
0
0
0
0
0
0
0
0
0.8098364
1.855068
2.910619
3.638825
4.527564
4.808531
5.006523
5.148525
5.321965
5.373621
5.410304
5.436635
5.45547
5.477948
5.484881
5.489893
5.493455
5.49603
5.352812
4.696312
3.6515
2.596765
1.313114
0.9338856
0.6642723
0.4725695
0.3362894
0
0
0
0
0
0
0
0
0
0
0
0
0
0
0
0
0
0
0
0
0
0
0
0
0
0
0
0
0
0
0
0
0
0
0
0
0
0
0
0
0.8043671
1.849647
3.556528
4.060836
4.419374
4.674268
4.85549
4.974465
4.889512
4.827757
4.785409
4.734755
4.719806
4.563627
3.899264
2.887459
1.463437
1.042819
0.7438278
0.5312967
0.3802109
0
0
0
0
0
0
0
0
0
0
0
0
0
0
0
0
0
0
0.8052444
1.850471
3.171682
4.683113
6.868491
7.514091
7.973089
8.299413
8.531413
8.813605
8.896971
8.956246
8.99838
9.02833
9.064784
9.075561
9.083209
9.08865
9.092522
9.097228
8.952198
8.295569
7.250671
5.929732
3.141527
2.233605
1.588111
1.129179
0.5709076
0.4059649
0.2887011
0.2053308
0
0
0
0
0
0
0
0
0
0
0
0
0
0
0
0
0
0
0
1.849689
2.847233
3.556538
4.060841
4.419379
4.85549
4.984345
4.974465
4.889402
4.8276
4.755692
4.734693
4.719777
4.563627
2.887506
2.055168
1.46349
1.042881
0.5313683
0.3802824
0.2728701
0
0
0
0
0
0
0
0
0
0
0
0
0
0
0
0
0
0
0
0
0
0.8085537
1.853795
3.175054
4.686594
5.955772
6.731
7.366881
7.831259
7.99583
7.5423
7.575526
7.597618
7.662625
7.644005
8.189483
8.340139
8.514009
8.639183
8.756866
8.926945
8.977189
9.012909
9.03831
9.056358
9.078317
9.084816
9.089432
9.092717
9.096708
8.951912
8.295584
7.250896
4.418955
3.14198
2.234077
1.588597
1.129684
0.5714226
0.4064941
0.2892399
0.2058744
0
0
0
0
0
0
0
0
0
0
0
0
0
0
0
0
0
0
0
0
0
0
0.8043766
1.849651
2.847209
4.060836
4.419374
4.674268
4.85549
4.974465
4.889383
4.827585
4.785218
4.755683
4.719772
4.563622
3.899288
2.887502
2.055168
1.042881
0.7438993
0.5313683
0.3802824
0
0
0
0
0
0
0
0
0
0
0
0
0
0
0
0
0
0
0
0
0
0
0
0.8098984
1.85513
3.648849
4.182444
4.565549
4.837914
5.031528
5.266995
5.336552
5.385985
5.421128
5.446115
5.476489
5.485473
5.491848
5.496383
5.35449
4.697499
3.652334
2.597351
1.313415
0.9341049
0.6644392
0.4726982
0.3363752
0
0
0
0
0
0
0
0
0
0
0
0
0
0
0
0
0
0
0
0
0
0
0
0
0
0
0
0
0
0
0
0
0
0
0
0
0
0
0
0
0
1.849647
2.847209
3.556528
4.060836
4.419374
4.85549
4.984345
4.974465
4.889426
4.8277
4.755769
4.734735
4.719796
4.563618
2.887459
2.055116
1.463437
1.042819
0.7438278
0.3802109
0.2728033
0
0
0
0
0
0
0
0
0
0
0
0
0
0
0
0
0
0
0.8052444
1.850476
4.683113
5.960393
6.868486
7.514086
7.973084
8.531408
8.696337
8.813601
8.896971
8.99838
9.02833
9.049635
9.064784
9.075551
9.08865
9.092522
9.095273
9.097228
8.952198
7.250671
5.929732
4.418521
3.141527
2.233605
1.129179
0.8028889
0.5709076
0.4059649
0.2053308
0
0
0
0
0
0
0
0
0
0
0
0
0
0
0
0
0
0
0
0.8044291
1.849689
2.847233
3.556538
4.419379
4.674268
4.85549
4.984345
4.889431
4.827633
4.785256
4.755712
4.734712
4.563637
3.899302
2.887511
2.055168
1.042881
0.7438993
0.5313683
0.3802824
0.2728701
0
0
0
0
0
0
0
0
0
0
0
0
0
0
0
0
0
0
0
0
0
0.8085489
1.85379
3.175049
4.686589
