0
0
0
0
0
0
0
0
0
0
0
0
0
0
0
0
0
0
0
0
0
0
0
0
0
0
0
0
0
0
0
0
0
0
0
0
0
0
0
0
0
0
0
0
0
0
0
0
0
0
0
0
0
0
0
0
0
0
0
0
0
0
0
0
0
0
0
0
0
0
0
0
0
0
0
0
0
0
0
0
0
0
0
0
0
0
0
0
0
0
0
0
0
0
0
0
0
0
0
0
0
0
0
0.8043575
1.849642
2.847204
4.060831
4.41937
4.674263
4.855485
4.974456
4.889283
4.827504
4.785171
4.75565
4.719748
4.563599
3.899269
2.887478
2.055144
1.042867
0.7438803
0.5313492
0.3802633
0.2728558
0
0
0
0
0
0
0
0
0
0
0
0
0
0
0
0
0
0
0
0
0
0
0
0
0
0.8151007
1.860256
3.181558
4.69914
7.310648
8.092322
8.647943
9.042864
9.523091
9.664917
9.765716
9.837365
9.888306
9.950223
9.968514
9.981508
9.990745
10
9.855433
9.198561
8.153467
6.832352
3.804054
2.705112
1.923819
1.368361
0.9734631
0.4931116
0.3511953
0.2503109
0
0
0
0
0
0
0
0
0
0
0
0
0
0
0
0
0
0
0
0
0
0
0
0
0
0.8043528
1.849642
3.556523
4.060831
4.41937
4.674263
4.984341
4.97447
4.88946
4.827714
4.78538
4.734731
4.574227
3.906798
2.892804
2.058916
1.044726
0.745182
0.5322552
0.380888
0.2732801
0
0
0
0
0
0
0
0
0
0
0
0
0
0
0
0
0
0
0.8051491
1.850395
3.171611
4.689031
6.200023
8.080268
8.635731
9.030638
9.311399
9.65292
9.753809
9.82554
9.876537
9.912786
9.956894
9.969926
9.979196
9.985771
9.990458
9.996157
9.851427
9.195018
8.150277
5.312314
3.801646
2.702942
1.921802
1.366415
0.6908178
0.4912186
0.3493118
0.2484179
0
0
0
0
0
0
0
0
0
0
0
0
0
0
0
0
0
0
0
0.8044338
1.849689
3.556538
4.060841
4.419379
4.674268
4.85549
4.974465
4.888906
4.827404
4.785218
4.734674
4.719758
4.563599
3.89926
2.887468
1.463451
1.042833
0.7438517
0.5313206
0.2728271
0
0
0
0
0
0
0
0
0
0
0
0
0
0
0
0
0
0
1.526828
2.039938
2.404728
2.664065
2.979536
3.072729
3.138986
3.186102
3.21959
3.260322
3.272352
3.280907
3.286991
3.294387
3.296571
3.151717
2.495222
1.774182
1.261454
0.6377506
0.4534864
0.3224802
0.2293491
0
0
0
0
0
0
0
0
0
0
0
0
0
0
0
0
0
0
0
0
0
0
0
0
0
0
0
0
0
0
0
0
0
0
0
0
0.8043528
1.849642
2.847204
4.060831
4.41937
4.674263
4.855485
4.984341
4.889193
4.827518
4.785247
4.755688
4.734678
4.563594
3.899245
2.887454
2.055116
1.463437
0.7438326
0.5313015
0.3802156
0.2728081
0
0
0
0
0
0
0
0
0
0
0
0
0
0
0
0
0
0
0
0
0
0
0
0
0
0.8150625
1.860218
3.181515
6.210885
7.310596
8.09227
8.64789
9.042811
9.523034
9.66486
9.765663
9.837313
9.924445
9.950175
9.968462
9.981461
9.990697
10
9.855418
9.198546
8.153458
5.315003
3.804049
2.705107
1.923814
1.368361
0.6927109
0.4931116
0.3511953
0.2503109
0
0
0
0
0
0
0
0
0
0
0
0
0
0
0
0
0
0
0
0
0
0
0
0
0
1.849642
2.847204
3.556523
4.060831
4.41937
4.855485
4.984341
4.974465
4.88946
4.785385
4.755788
4.734755
4.71982
4.563642
2.887478
2.05514
1.463461
1.042848
0.7438612
0.3802443
0.2728367
0
0
0
0
0
0
0
0
0
0
0
0
0
0
0
0
0
0
0
0.8051968
1.850448
3.171654
6.185908
7.198749
7.997985
8.574839
8.984737
9.483747
9.631963
9.737964
9.813695
9.867563
9.93351
9.953089
9.967055
9.977007
9.988747
9.992361
9.995003
9.996891
9.195428
8.150582
6.829667
5.312476
3.801751
1.921844
1.366448
0.9715748
0.6908321
0.4912329
0.2484274
0
0
0
0
0
0
0
0
0
0
0
0
0
0
0
0
0
0
0
1.849689
2.847233
3.556538
4.060841
4.419379
4.85549
4.984345
4.97447
4.889469
4.78539
4.755793
4.73475
4.719801
4.563622
2.887449
2.055116
1.463423
1.042809
0.7438278
0.3802061
0.2727985
0
0
0
0
0
0
0
0
0
0
0
0
0
0
0
0
0
0
0.8051825
1.52678
2.039905
2.404699
2.84842
2.979512
3.072705
3.138962
3.186069
3.243365
3.260293
3.272328
3.280883
3.286967
3.294363
3.296552
3.151703
2.495213
1.261444
0.8969116
0.6377459
0.4534864
0.3224802
0
0
0
0
0
0
0
0
0
0
0
0
0
0
0
0
0
0
0
0
0
0
0
0
0
0
0
0
0
0
0
0
0
0
0
0
0
0
1.849642
2.847204
3.556523
4.060831
4.41937
4.855485
4.984341
4.974461
4.889021
4.827499
4.755712
4.734697
4.719777
4.563603
2.887454
2.055116
1.463437
1.042819
0.7438278
0.3802109
0.2728033
0
0
0
0
0
0
0
0
0
0
0
0
0
0
0
0
0
0
0
0
0
0
0
0
0
0
0.8150578
3.18151
4.699082
6.21088
7.3106
8.64789
9.042811
9.323516
9.523034
9.66486
9.837313
9.888253
9.92445
9.950175
9.968462
9.990692
9.997258
10
9.855418
9.198546
6.832347
5.315003
3.804049
2.705107
1.923814
0.9734631
0.6927109
0.4931116
0.3511953
0.2503109
0
0
0
0
0
0
0
0
0
0
0
0
0
0
0
0
0
0
0
0
0
0
0
0
0
0.8043528
1.849642
2.847204
3.556523
4.41937
4.674263
4.855485
4.984341
4.974465
4.827528
4.785299
4.755735
4.734721
4.574237
2.892838
2.058954
1.466169
1.044774
0.7452297
0.3809309
0.2733231
0
0
0
0
0
0
0
0
0
0
0
0
0
0
0
0
0
0
0
0.805192
1.850443
4.689069
6.188931
7.256651
8.030872
9.001651
9.290252
9.495411
9.637375
9.739237
9.858761
9.894829
9.921699
9.941349
9.966421
9.976377
9.983263
9.98816
9.991646
9.99589
9.851131
9.194813
8.150134
5.312247
3.801579
2.702894
1.921754
1.366391
0.6908083
0.4912186
0.3493118
0.2484179
0
0
0
0
0
0
0
0
0
0
0
0
0
0
0
0
0
0
0.8044529
1.849709
3.556542
4.060845
4.419384
4.674273
4.855494
4.97447
4.88946
4.827809
4.785385
4.734764
4.719839
4.563675
3.899326
2.887521
1.463494
1.042881
0.7438993
0.5313683
0.3802824
0
0
0
0
0
0
0
0
0
0
0
0
0
0
0
0
0
0
0
1.526852
2.039971
2.404771
2.664108
2.848487
3.072772
3.139029
3.186131
3.219619
3.243427
3.260355
3.280945
3.287029
3.291349
3.294425
3.296614
2.495255
1.774211
1.261468
0.8969259
0.6377554
0.322485
0.2293491
0
0
0
0
0
0
0
0
0
0
0
0
0
0
0
0
0
0
0
0
0
0
0
0
0
0
0
0
0
0
0
0
0
0
0
0
0.8043528
2.847204
3.556523
4.060831
4.41937
4.855485
4.984341
4.974461
4.889431
4.82769
4.755764
4.734731
4.719791
4.563618
3.89926
2.05512
1.463442
1.042824
0.7438326
0.5313015
0.2728081
0
0
0
0
0
0
0
0
0
0
0
0
0
0
0
0
0
0
0
0
0
0
0
0
0
0.8150625
1.860218
4.699087
6.21088
7.310591
8.09227
8.631101
9.015841
9.496861
9.6452
9.751654
9.827332
9.881139
9.946542
9.965858
9.979587
9.989343
10
10
9.85559
9.19867
8.153543
5.315032
3.804064
2.705126
1.923828
1.368361
0.6927061
0.4931116
0.3512001
0.2503109
0
0
0
0
0
0
0
0
0
0
0
0
0
0
0
0
0
0
0
0
0
0
0
0
0
0.8043528
1.849642
2.847204
3.556523
4.060831
4.674263
4.855485
4.984341
4.974465
4.82758
4.78528
4.755716
4.734702
4.719777
3.899264
2.887473
2.05514
1.463461
1.042848
0.5313301
0.3802443
0.2728367
0
0
0
0
0
0
0
0
0
0
0
0
0
0
0
0
0
0
0
0.8051968
1.850448
4.689074
6.181445
7.185292
7.985549
8.567824
9.276142
9.485407
9.634199
9.739981
9.868674
9.906683
9.933705
9.952922
9.966583
9.983196
9.988108
9.991598
9.994078
9.995842
9.194775
8.150105
6.829333
5.312233
2.702889
1.921754
1.366391
0.9715414
0.6908083
0.3493118
