0
0
0
0
0
0
0
0
0
0
0
0
0
0
0
0
0
0
0
0
0
0
0
0
0
0
0
0
0
0
0
0
0
0
0
0
0
0
0
0
0
0
0
0
0
0
0
0
0
0
0
0
0
0
0
0
0
0
0
0
0
0
0
0
0
0
0
0
0
0
0
0
0
0
0
0
0
0
0
0
0
0
0
0
0
0
0
0
0
0
0
0
0
0
0
0
0
0
0
0
0.8043575
1.849642
3.556523
4.060831
4.41937
4.674263
4.984341
4.974456
4.889407
4.82769
4.755788
4.734764
4.71983
4.563656
2.887516
2.055168
1.46348
1.042867
0.5313492
0.3802633
0.2728558
0
0
0
0
0
0
0
0
0
0
0
0
0
0
0
0
0
0
0
0
0.8067942
3.173265
4.690714
6.201849
7.30094
8.637829
9.032741
9.313493
9.513083
9.75585
9.827566
9.87855
9.914799
9.958882
9.971905
9.981155
9.987731
9.995756
9.998121
9.853039
9.196267
6.830254
5.312986
3.802185
2.70339
1.366744
0.9718561
0.6911087
0.4914999
0.2486944
0
0
0
0
0
0
0
0
0
0
0
0
0
0
0
0
0
0
0
0
0.8043766
1.849656
2.847209
3.556528
4.419374
4.674268
4.85549
4.984345
4.889455
4.827576
4.785223
4.755692
4.719787
4.563642
3.899312
2.887521
1.463499
1.042891
0.7439089
0.5313778
0.2728891
0
0
0
0
0
0
0
0
0
0
0
0
0
0
0
0
0
0
0
0
0
0.8068037
1.852055
4.690738
6.201882
7.300973
8.082361
9.032779
9.313531
9.513121
9.655008
9.8276
9.878583
9.914832
9.9406
9.971938
9.981189
9.987769
9.992456
9.998155
9.853063
9.196281
8.151278
5.312991
3.80218
2.703385
1.922164
1.366739
0.6911039
0.4914951
0.3495836
0.2486897
0
0
0
0
0
0
0
0
0
0
0
0
0
0
0
0
0
0
0
0
0.8043623
1.849647
2.847209
3.556528
4.419374
4.674268
4.85549
4.984345
4.889135
4.827485
4.785218
4.755669
4.734674
4.563594
3.89926
2.887468
1.463451
1.042838
0.7438564
0.5313253
0.3802395
0
0
0
0
0
0
0
0
0
0
0
0
0
0
0
0
0
0
0
0
0
0.806756
1.842046
2.756057
3.867822
4.196239
4.429712
4.595695
4.797583
4.857221
4.899621
4.929767
4.966426
4.977255
4.984951
4.990425
4.994311
4.852295
4.195733
3.160882
1.598005
1.13627
0.8079863
0.5745935
0.408659
0.2068138
0
0
0
0
0
0
0
0
0
0
0
0
0
0
0
0
0
0
0
0
0
0
0
0
0
0
0
0
0
0
0
0
0
0
0
0
0
0.8043528
1.849647
2.847209
4.060836
4.419374
4.674268
4.85549
4.974465
4.889121
4.827566
4.785323
4.734716
4.719787
4.563608
3.89925
2.055116
1.463432
1.042814
0.7438326
0.3802109
0.2728033
0
0
0
0
0
0
0
0
0
0
0
0
0
0
0
0
0
0
0
0
0
0.8067322
3.173213
4.690657
6.201801
7.300878
8.637753
9.032664
9.313421
9.513011
9.755788
9.827504
9.878488
9.914737
9.95882
9.971843
9.981093
9.987669
9.99568
9.998045
9.852972
9.196224
6.83023
5.312967
3.802171
2.703381
1.366739
0.9718513
0.6911039
0.4914951
0.2486897
0
0
0
0
0
0
0
0
0
0
0
0
0
0
0
0
0
0
0
0
0
0.8043671
1.849647
2.847209
4.060836
4.419374
4.674268
4.85549
4.97447
4.889183
4.827509
4.785233
4.734669
4.719748
4.563584
3.899236
2.055111
1.463428
1.042809
0.7438278
0.3802109
0.2728033
0
0
0
0
0
0
0
0
0
0
0
0
0
0
0
0
0
0
0
0
0
1.851978
3.173208
4.690652
6.201797
8.082252
8.637753
9.032664
9.313421
9.654903
9.755788
9.827504
9.878488
9.940505
9.95882
9.971843
9.981093
9.992347
9.995675
9.99804
9.852972
8.15124
6.83023
5.312972
3.802176
1.922164
1.366739
0.9718513
0.6911039
0.4914951
0.2486897
0
0
0
0
0
0
0
0
0
0
0
0
0
0
0
0
0
0
0
0
0
0.8043623
1.849647
3.556528
4.060836
4.419374
4.674268
4.984345
4.974475
4.88935
4.785323
4.755745
4.734712
4.719787
3.899245
2.887444
2.055111
1.463428
0.7438278
0.531292
0.3802061
0.2727985
0
0
0
0
0
0
0
0
0
0
0
0
0
0
0
0
0
0
0
0
0
1.842027
2.756038
3.405833
3.867793
4.429679
4.595661
4.713664
4.797549
4.899588
4.929733
4.951162
4.966393
4.984918
4.990392
4.994278
4.997048
4.195719
3.160868
2.247434
1.598001
0.8079863
0.5745935
0.408659
0.2906895
0.2068138
0
0
0
0
0
0
0
0
0
0
0
0
0
0
0
0
0
0
0
0
0
0
0
0
0
0
0
0
0
0
0
0
0
0
0
0
0
1.849647
2.847209
3.556528
4.060836
4.674268
4.85549
4.984345
4.974465
4.827609
4.785352
4.755759
4.734731
4.563613
3.89925
2.887449
2.055116
1.042814
0.7438326
0.5312967
0.3802109
0
0
0
0
0
0
0
0
0
0
0
0
0
0
0
0
0
0
0
0
0
1.851993
3.173223
4.690661
6.201806
8.082261
8.637757
9.032669
9.313421
9.654903
9.755788
9.827504
9.914732
9.9405
9.95882
9.971843
9.987669
9.992347
9.99568
9.998045
9.196224
8.15124
6.83023
5.312967
2.703381
1.922164
1.366739
0.9718513
0.4914951
0.3495836
0.2486897
0
0
0
0
0
0
0
0
0
0
0
0
0
0
0
0
0
0
0
0
0
1.849647
2.847209
3.556528
4.060836
4.674268
4.85549
4.984345
4.974465
4.827189
4.785013
4.75554
4.734592
4.56358
3.89925
2.887468
2.055135
1.042867
0.743885
0.531354
0.3802729
0
0
0
0
0
0
0
0
0
0
0
0
0
0
0
0
0
0
0
0
0
0.8067846
1.852031
4.690719
6.201863
7.300949
8.082333
9.032745
9.313502
9.513087
9.755864
9.827576
9.878564
9.914813
9.958897
9.971919
9.98117
9.987745
9.992423
9.998116
9.853034
9.196262
8.151269
5.312986
3.802185
2.70339
1.922169
0.9718561
0.6911087
0.4914999
0.3495884
0
0
0
0
0
0
0
0
0
0
0
0
0
0
0
0
0
0
0
0
0
0.8043623
1.849647
2.847209
3.556528
4.419374
4.674268
4.85549
4.984345
4.888883
4.82728
4.78507
4.755578
4.719729
4.563589
3.89926
2.887478
1.463475
1.042871
0.7438898
0.5313587
0.2728701
0
0
0
0
0
0
0
0
0
0
0
0
0
0
0
0
0
0
0
0
0
0.8067894
1.842079
2.75609
3.86785
4.196267
4.42975
4.71374
4.79763
4.857273
4.899669
4.951239
4.966469
4.977298
4.984994
4.994354
4.997125
4.852328
4.195757
2.247448
1.59801
1.136274
0.807991
0.4086637
0.2906895
0.2068138
0
0
0
0
0
0
0
0
0
0
0
0
0
0
0
0
0
0
0
0
0
0
0
0
0
0
0
0
0
0
0
0
0
0
0
0
0
1.849647
2.847209
3.556528
4.060836
4.674268
4.85549
4.984345
4.974465
4.889383
4.785333
4.755745
4.734716
4.719791
3.89926
2.887459
2.055116
1.463437
0.7438278
0.5312967
0.3802109
0
0
0
0
0
0
0
0
0
0
0
0
0
0
0
0
0
0
0
0
0
1.851997
3.173227
4.690666
6.201806
8.082266
8.637762
9.032669
9.313431
9.654908
9.755793
9.827504
9.878492
9.94051
9.95883
9.971852
9.987679
9.992356
9.995685
9.99805
9.852977
8.15124
6.83023
5.312967
2.703381
1.922164
1.366739
0.9718513
0.6911039
0.3495836
0.2486897
0
0
0
0
0
0
0
0
0
0
0
0
0
0
0
0
0
0
0
0
0
0.8043671
2.847209
3.556528
4.060836
4.419374
4.85549
4.984345
4.974465
4.827695
4.785299
4.755745
4.734735
4.563642
3.899302
2.887511
2.055168
1.042881
0.7438993
0.5313683
0.3802824
0
0
0
0
0
0
0
0
0
0
0
0
0
0
0
0
0
0
0
0
0
0.8067846
1.852031
4.690719
6.201863
7.300949
8.082333
9.032745
9.313507
9.513092
9.755859
9.827571
9.878559
9.914813
9.940581
9.971919
9.98117
9.987745
9.992423
9.998121
9.853039
9.196267
6.830254
5.312986
3.802185
2.70339
1.366744
0.9718561
0.6911087
0.4914999
0.2486944
0
0
0
0
0
0
0
0
0
0
0
0
0
0
0
0
0
0
0
0
0
0.8043623
1.849647
2.847209
4.060836
4.419374
4.674268
4.85549
4.974465
