0
0
0
0
0
0
0
0
0
0
0
0
0
0
0
0
0
0
0
0
0
0
0
0
0
0
0
0
0
0
0
0
0
0
0
0
0
0
0
0
0
0
0
0
0
0
0
0
0
0
0
0
0
0
0
0
0
0
0
0
0
0
0
0
0
0
0
0
0
0
0
0
0
0
0
0
0
0
0
0
0
0
0
0
0
0
0
0
0
0
0
0
0
0
0
0
0
0
0
0
0
0
0.8043575
1.849642
3.556523
4.060831
4.41937
4.674263
4.855485
4.974465
4.889398
4.827666
4.785337
4.75575
4.719796
4.563627
3.899279
2.887478
1.463451
1.042833
0.7438517
0.5313158
0.3802299
0
0
0
0
0
0
0
0
0
0
0
0
0
0
0
0
0
0
0
0.8056164
1.850858
3.172073
4.689493
6.200533
8.080854
8.636327
9.031229
9.311996
9.653506
9.754395
9.826117
9.877105
9.939132
9.957457
9.970484
9.979749
9.986324
9.994345
9.99671
9.851885
9.195366
6.829667
5.31249
3.801785
2.703061
1.921892
0.9716272
0.6908894
0.4912901
0.3493786
0
0
0
0
0
0
0
0
0
0
0
0
0
0
0
0
0
0
0
0
0.8044291
2.847228
3.556538
4.060841
4.419379
4.674268
4.984345
4.974461
4.889178
4.827437
4.755616
4.73465
4.719753
4.563618
3.899288
2.055168
1.46349
1.042881
0.7438993
0.5313683
0.2728796
0
0
0
0
0
0
0
0
0
0
0
0
0
0
0
0
0
0
0
0.8058691
1.851115
3.172345
6.121798
5.897045
5.872002
6.261382
5.852242
5.849242
5.848742
5.848417
6.006875
5.879035
5.915937
5.873113
5.923138
5.873618
5.910239
5.873203
5.864949
5.864673
5.867748
5.933943
5.95542
5.92823
6.185832
7.20345
7.883563
8.487892
8.924761
9.454708
9.609442
9.720621
9.800324
9.899039
9.928112
9.949055
9.963965
9.974728
9.987884
9.991822
9.994555
9.996414
9.851537
8.150406
6.829572
5.312438
3.801742
2.703037
1.366506
0.9716463
0.6909084
0.4913187
0.248518
0
0
0
0
0
0
0
0
0
0
0
0
0
0
0
0
0
0
0
0.8044338
1.849689
2.847228
4.060841
4.419379
4.674268
4.85549
4.984345
4.889069
4.827528
4.785299
4.755735
4.719801
4.563627
3.899283
2.887483
1.463456
1.042838
0.7438564
0.5313206
0.3802347
0
0
0
0
0
0
0
0
0
0
0
0
0
0
0
0
0
0
0
0.8056211
1.724014
2.411542
2.899804
3.491659
3.666716
3.792486
3.882103
3.945842
4.023366
4.046268
4.062552
4.074125
4.082351
4.09236
4.095311
4.097409
3.952379
2.377758
1.690602
1.202054
0.8547163
0.6077671
0.3073645
0.2186155
0
0
0
0
0
0
0
0
0
0
0
0
0
0
0
0
0
0
0
0
0
0
0
0
0
0
0
0
0
0
0
0
0
0
0
0
0
0
0.8043575
1.849642
3.556523
4.060831
4.41937
4.674263
4.855485
4.974461
4.889493
4.827747
4.785404
4.755788
4.719801
4.563622
3.89926
2.887454
2.055116
1.042819
0.7438326
0.5313015
0.3802156
0
0
0
0
0
0
0
0
0
0
0
0
0
0
0
0
0
0
0
0.8056068
1.850839
3.172054
4.689488
6.200523
8.080831
8.636298
9.031205
9.311967
9.511576
9.754372
9.826097
9.877086
9.913335
9.957433
9.970455
9.979715
9.986291
9.990978
9.996676
9.851856
9.195352
8.150539
5.31249
3.801785
2.703061
1.921892
1.366496
0.9716272
0.4912901
0.3493786
0.2484894
0
0
0
0
0
0
0
0
0
0
0
0
0
0
0
0
0
0
0
0
1.849675
2.847228
3.556538
4.060841
4.419379
4.85549
4.984345
4.97447
4.889164
4.827595
4.755754
4.734726
4.719787
4.563608
3.899245
2.055111
1.463428
1.042809
0.531292
0.3802061
0.2727985
0
0
0
0
0
0
0
0
0
0
0
0
0
0
0
0
0
0
0
0.8057976
1.851044
4.689703
6.158171
5.945635
6.177816
6.497054
7.435846
8.173742
8.701653
9.343853
9.533591
9.668489
9.76439
9.832568
9.915509
9.940019
9.957438
9.969816
9.984899
9.989352
9.992514
9.99476
9.996352
9.195094
8.150377
6.829562
5.312438
3.801742
1.921887
1.366506
0.9716463
0.6909084
0.4913187
0.248518
0
0
0
0
0
0
0
0
0
0
0
0
0
0
0
0
0
0
0
0
0.8043766
1.849651
2.847209
4.060836
4.419374
4.674268
4.85549
4.974475
4.889169
4.82759
4.785342
4.75575
4.719782
4.563603
3.89926
2.887449
2.055116
1.042805
0.7438278
0.3802109
0.2727985
0
0
0
0
0
0
0
0
0
0
0
0
0
0
0
0
0
0
0.8055687
1.723971
2.411499
2.900286
3.246365
3.628345
3.73477
3.800216
3.824692
3.884244
3.910441
3.926458
3.9469
3.976684
4.035826
4.054255
4.067383
4.076724
4.083385
4.091663
4.094248
4.096112
3.951397
2.377267
1.690249
1.201797
0.8545351
0.6076431
0.3073025
0.2185678
0
0
0
0
0
0
0
0
0
0
0
0
0
0
0
0
0
0
0
0
0
0
0
0
0
0
0
0
0
0
0
0
0
0
0
0
0
0
0.8043575
2.847204
3.556523
4.060831
4.41937
4.674263
4.984341
4.974461
4.888992
4.827476
4.755692
4.734683
4.719763
4.563589
3.89924
2.055116
1.463432
1.042814
0.7438326
0.3802109
0.2728033
0
0
0
0
0
0
0
0
0
0
0
0
0
0
0
0
0
0
0
0
0.8055782
1.850829
4.689484
6.200519
7.299509
8.080826
9.0312
9.311962
9.511571
9.653482
9.754367
9.877086
9.913335
9.939108
9.957433
9.970455
9.986291
9.990978
9.994307
9.851861
9.195356
8.150544
6.829662
5.31249
3.801785
1.921892
1.366496
0.9716272
0.6908894
0.3493786
0.2484894
0
0
0
0
0
0
0
0
0
0
0
0
0
0
0
0
0
0
0
0
1.849675
2.847228
3.556538
4.060841
4.419379
4.85549
4.984345
4.974465
4.888906
4.785089
4.755592
4.734626
4.719734
4.563594
2.887478
2.055144
1.463475
1.042871
0.7438898
0.3802776
0.2728701
0
0
0
0
0
0
0
0
0
0
0
0
0
0
0
0
0
0
0
0.8058548
1.851101
4.68976
6.128464
5.855198
6.217027
5.865431
6.360669
5.944691
5.891056
6.232882
7.959509
8.549428
8.968763
9.266901
9.629583
9.736738
9.812913
9.867067
9.905567
9.952407
9.966249
9.976091
9.983087
9.988065
9.994102
9.995894
9.85116
9.19486
8.15021
5.312343
3.80168
2.702994
1.921854
0.9716272
0.6908941
0.4913092
0.3494024
0.2485085
0
0
0
0
0
0
0
0
0
0
0
0
0
0
0
0
0
0
0
0.8043766
1.849651
2.847209
3.556528
4.419374
4.674268
4.85549
4.984345
4.974465
4.827666
4.785347
4.755783
4.734759
4.719839
3.899326
2.887521
2.055178
1.042886
0.7439041
0.531373
0.3802872
0
0
0
0
0
0
0
0
0
0
0
0
0
0
0
0
0
0
0
0.8056593
1.724052
2.41159
2.900376
3.246851
3.652005
3.766551
3.855848
3.914857
4.00507
4.032612
4.051766
4.06539
4.082246
4.087386
4.091134
4.093747
4.095712
3.294797
2.3771
1.69013
1.201715
0.8544779
0.4320717
0.3072786
0.2185488
0
0
0
0
0
0
0
0
0
0
0
0
0
0
0
0
0
0
0
0
0
0
0
0
0
0
0
0
0
0
0
0
0
0
0
0
0
0.8043575
1.849642
3.556523
4.060831
4.41937
4.674263
4.855485
4.974461
4.889469
4.827724
4.785395
4.73475
4.719801
4.563622
3.89926
2.887454
1.463437
1.042819
0.7438278
0.5312967
0.3802109
0
0
0
0
0
0
0
0
0
0
0
0
0
0
0
0
0
0
0
0
0.805583
1.850834
3.17205
6.200519
7.299509
8.080826
8.636293
9.0312
9.311962
9.511566
9.653478
9.826093
9.877086
9.877086
9.913335
9.939108
9.957433
9.97046
9.97972
9.986296
9.990983
9.994311
9.996676
9.195352
8.150539
6.829658
5.31249
3.801785
2.703061
1.921892
1.366496
0.9716272
0.6908894
0.4912901
0.3493786
0.2484894
0
0
0
0
0
0
0
0
0
0
0
0
0
0
0
0
0
0
0
0
0.8044291
1.849685
2.847228
3.556538
4.060841
4.674268
4.85549
4.984345
4.974465
4.889455
4.827805
4.785385
4.755797
4.589224
3.917494
2.900434
1.470013
1.047516
0.7471848
0.5337095
0.3819466
0.2740479
0
0
0
0
0
0
0
0
0
0
0
0
0
0
0
0
0
0
0
0
0.8058453
1.851091
3.172326
4.68976
6.145234
5.873227
6.022067
5.992384
5.876698
5.987735
6.176219
6.936202
8.423996
8.423996
9.203501
9.433794
