0
0
0
0
0
0
0
0
0
0
0
0
0
0
0
0
0
0
0
0
0
0
0
0
0
0
0
0
0
0
0
0
0
0
0
0
0
0
0
0
0
0
0
0
0
0
0
0
0
0
0
0
0
0
0
0
0
0
0
0
0
0
0
0
0
0
0
0
0
0
0
0
0
0
0
0
0
0
0
0
0
0
0
0
0
0
0
0
0
0
0
0
0
0
0
0
0
0
0
0
0
0
0
0
0
0
0.8043575
1.849642
2.847204
4.060831
4.41937
4.674263
4.855485
4.984341
4.889078
4.827428
4.78518
4.755635
4.71972
4.56356
3.899226
2.88744
2.055106
1.042809
0.7438326
0.5313015
0.3802204
0
0
0
0
0
0
0
0
0
0
0
0
0
0
0
0
0
0
0
0
0
0.8067465
1.851988
4.690671
6.201811
7.300892
8.082271
8.637776
9.313445
9.51303
9.654927
9.755807
9.827509
9.914746
9.940515
9.958835
9.971857
9.987688
9.992366
9.995699
9.998064
9.852991
8.151245
6.83023
5.312967
3.802171
2.703381
1.922164
0.9718513
0.6911039
0.4914951
0.3495836
0
0
0
0
0
0
0
0
0
0
0
0
0
0
0
0
0
0
0
0
0
0.8043814
1.849656
3.556528
4.060836
4.419374
4.674268
4.984345
4.974461
4.88935
4.827557
4.785213
4.734702
4.719782
4.563632
3.899298
2.887506
1.463485
1.042876
0.7438993
0.5313683
0.2728748
0
0
0
0
0
0
0
0
0
0
0
0
0
0
0
0
0
0
0
0
0
0.8059883
3.172464
4.689898
6.200976
7.299995
8.636808
9.03172
9.312487
9.653997
9.754887
9.826608
9.877596
9.939613
9.957938
9.970961
9.980216
9.991479
9.994807
9.997172
9.852257
8.150787
6.829853
5.312653
3.801908
1.921964
1.366563
0.9716892
0.6909466
0.3494358
0.2485418
0
0
0
0
0
0
0
0
0
0
0
0
0
0
0
0
0
0
0
0.8044243
2.847233
3.556538
4.060841
4.419379
4.674268
4.984345
4.974465
4.88925
4.827571
4.755712
4.734702
4.719782
4.563613
3.899274
2.055149
1.463456
1.042838
0.7438564
0.5313253
0.2728319
0
0
0
0
0
0
0
0
0
0
0
0
0
0
0
0
0
0
0
0
0
0
1.85266
2.850494
3.559971
4.064355
4.422922
4.859056
4.987884
5.07947
5.144577
5.223761
5.247154
5.263791
5.275612
5.284019
5.294228
5.297246
5.299387
5.153999
4.496975
2.4544
1.745181
1.240935
0.8824396
0.4463625
0.3175306
0.2259398
0
0
0
0
0
0
0
0
0
0
0
0
0
0
0
0
0
0
0
0
0
0
0
0
0
0
0
0
0
0
0
0
0
0
0
0
0
0
0.804348
2.847199
3.556519
4.060826
4.419365
4.85548
4.984336
4.974461
4.889321
4.827604
4.755716
4.734697
4.719772
4.563599
2.887454
2.055116
1.463437
1.042819
0.5312967
0.3802109
0.2728033
0
0
0
0
0
0
0
0
0
0
0
0
0
0
0
0
0
0
0
0
0
0.8067369
1.851988
3.173218
4.690666
7.300882
8.082266
8.637762
9.032669
9.313431
9.654913
9.755797
9.827509
9.878497
9.94051
9.95883
9.971852
9.981103
9.987679
9.995685
9.99805
9.852977
9.196224
8.15124
6.83023
3.802171
2.703381
1.922164
1.366739
0.9718513
0.4914951
0.3495836
0.2486897
0
0
0
0
0
0
0
0
0
0
0
0
0
0
0
0
0
0
0
0
0
0.8043671
1.849647
2.847209
3.556528
4.419374
4.674268
4.85549
4.984345
4.889455
4.827762
4.785357
4.755774
4.734745
4.563656
3.899307
2.887516
2.055173
1.463494
0.7438946
0.5313635
0.3802776
0.2728701
0
0
0
0
0
0
0
0
0
0
0
0
0
0
0
0
0
0
0
0
1.851215
3.172445
4.689889
6.200962
8.081317
8.636794
9.031706
9.312458
9.512067
9.754858
9.826579
9.877572
9.913821
9.939594
9.970937
9.980192
9.986768
9.991446
9.997144
9.852242
9.195652
8.150787
5.312653
3.801908
2.703152
1.921964
1.366563
0.6909466
0.4913473
0.3494358
0.2485418
0
0
0
0
0
0
0
0
0
0
0
0
0
0
0
0
0
0
0
0
0.8043718
1.849651
2.847209
3.556528
4.419374
4.85549
4.984345
4.974465
4.889388
4.785357
4.755788
4.734764
4.574285
2.892885
2.058992
1.044817
0.7452679
0.532341
0.3809738
0.2733612
0
0
0
0
0
0
0
0
0
0
0
0
0
0
0
0
0
0
0
0
0
0.8074617
1.852708
3.560023
4.064412
4.422979
4.677882
4.859095
5.079513
5.144625
5.190907
5.223808
5.247197
5.275655
5.284066
5.290036
5.29428
5.152526
4.49594
3.451066
2.45388
1.744814
0.8822584
0.6274366
0.4462624
0.3174543
0.225873
0
0
0
0
0
0
0
0
0
0
0
0
0
0
0
0
0
0
0
0
0
0
0
0
0
0
0
0
0
0
0
0
0
0
0
0
0
0
1.849637
2.847199
3.556519
4.060826
4.674258
4.85548
4.984336
4.974461
4.889464
4.785385
4.755783
4.734745
4.719796
3.899255
2.887454
2.055116
1.463437
0.7438326
0.5313015
0.3802156
0.2728081
0
0
0
0
0
0
0
0
0
0
0
0
0
0
0
0
0
0
0
0
0
0.8067369
1.851988
3.173218
4.690661
7.300882
8.082261
8.637762
9.032669
9.513011
9.654913
9.755793
9.827504
9.878492
9.94051
9.958825
9.971848
9.981098
9.987674
9.992352
9.99805
9.852977
9.196224
8.15124
6.83023
3.802171
2.703381
1.922164
1.366739
0.9718513
0.4914951
0.3495836
0.2486897
0
0
0
0
0
0
0
0
0
0
0
0
0
0
0
0
0
0
0
0
0
0.8043671
1.849647
2.847209
3.556528
4.060836
4.674268
4.85549
4.984345
4.974465
4.827576
4.785209
4.755673
4.734678
4.719768
3.899288
2.887502
2.055168
1.46349
1.042881
0.5313683
0.3802824
0.2728701
0
0
0
0
0
0
0
0
0
0
0
0
0
0
0
0
0
0
0
0
0.805974
1.851215
3.172445
4.689884
6.200967
8.081322
8.636799
9.031711
9.312468
9.512067
9.754868
9.826589
9.877582
9.913826
9.957914
9.970937
9.980192
9.986768
9.991455
9.997149
9.852247
9.195657
8.150787
6.829853
3.801908
2.703152
1.921964
1.366563
0.6909466
0.4913473
0.3494358
0.2485418
0
0
0
0
0
0
0
0
0
0
0
0
0
0
0
0
0
0
0
0
0.8043718
1.849651
2.847209
4.060836
4.419374
4.674268
4.85549
4.984345
4.888945
4.827323
4.785109
4.755602
4.574184
3.906798
2.892838
2.058954
1.466184
0.7452488
0.5323267
0.3809595
0.2733517
0
0
0
0
0
0
0
0
0
0
0
0
0
0
0
0
0
0
0
0
0
0.807457
1.852703
2.850547
4.064407
4.422975
4.677877
4.859095
4.987926
5.144625
5.190907
5.223808
5.247188
5.263824
5.284057
5.290027
5.294271
5.297289
4.495931
3.451061
2.453876
1.744809
1.240668
0.6274319
0.4462624
0.3174543
0.225873
0
0
0
0
0
0
0
0
0
0
0
0
0
0
0
0
0
0
0
0
0
0
0
0
0
0
0
0
0
0
0
0
0
0
0
0
0
0.804348
1.849637
2.847199
3.556519
4.419365
4.674258
4.85548
4.984336
4.974461
4.827576
4.785333
4.75575
4.734721
4.563603
3.89924
2.887444
2.055111
1.463428
0.7438326
0.5312967
0.3802109
0.2728033
0
0
0
0
0
0
0
0
0
0
0
0
0
0
0
0
0
0
0
0
0.8067465
1.851993
3.173223
6.201806
7.300882
8.082261
8.637757
9.032669
9.513011
9.654903
9.755788
9.827504
9.878488
9.914732
9.95882
9.971843
9.981093
9.987669
9.992347
9.998045
9.852972
9.196224
8.15124
6.83023
3.802171
2.703381
1.922164
1.366739
0.6911039
0.4914951
0.3495836
0.2486897
0
0
0
0
0
0
0
0
0
0
0
0
0
0
0
0
0
0
0
0
0
0.8043671
1.849647
3.556528
4.060836
4.419374
4.674268
4.85549
4.974465
4.888806
4.827228
4.785037
4.734607
4.71972
4.563589
3.89926
2.887478
1.463475
1.042871
0.7438898
0.5313587
0.2728701
0
0
0
0
0
0
0
0
0
0
0
0
0
0
0
0
0
0
0
0
0
0.8059692
1.851211
4.689884
6.200962
7.299976
8.081317
8.636794
9.312458
9.512067
9.653974
9.754858
9.877572
9.913821
9.939594
9.957914
9.970937
9.986768
9.991446
9.994779
9.997144
9.195652
8.150787
6.829853
5.312653
3.801908
1.921964
1.366563
0.9716892
0.6909466
0.4913473
0.2485418
0
