0
0
0
0
0
0
0
0
0
0
0
0
0
0
0
0
0
0
0
0
0
0
0
0
0
0
0
0
0
0
0
0
0
0
0
0
0
0
0
0
0
0
0
0
0
0
0
0
0
0
0
0
0
0
0
0
0
0
0
0
0
0
0
0
0
0
0
0
0
0
0
0
0
0
0
0
0
0
0
0
0
0
0
0
0
0
0
0
0
0
0
0
0
0
0
0
0
0.8043575
1.849642
3.556523
4.060831
4.41937
4.674263
4.984341
4.974465
4.889083
4.827538
4.755735
4.734721
4.719796
4.563618
2.887468
2.055135
1.463442
1.042824
0.5313158
0.3802347
0.2728224
0
0
0
0
0
0
0
0
0
0
0
0
0
0
0
0
0
0
0
0
0
0.8067417
3.173218
4.690671
6.201811
7.300892
8.637772
9.032683
9.31344
9.513035
9.755807
9.827518
9.878511
9.914756
9.958835
9.971862
9.981122
9.987698
9.995713
9.998078
9.853001
9.196239
6.830235
5.312972
3.802176
2.703381
1.366739
0.9718513
0.6911039
0.4914951
0.2486897
0
0
0
0
0
0
0
0
0
0
0
0
0
0
0
0
0
0
0
0
0
0.8043671
1.849647
3.556528
4.060836
4.419374
4.674268
4.984345
4.974461
4.889235
4.82748
4.75564
4.734669
4.719772
4.563632
2.887511
2.055173
1.463494
1.042886
0.531373
0.3802919
0.2728844
0
0
0
0
0
0
0
0
0
0
0
0
0
0
0
0
0
0
0
0
0
1.852055
3.173289
4.690738
6.201882
8.082361
8.637867
9.032779
9.313531
9.655008
9.755888
9.8276
9.878588
9.9406
9.958916
9.971933
9.981184
9.992456
9.99579
9.998155
9.853063
9.196281
6.830258
5.312991
3.80218
2.703385
1.366739
0.9718513
0.6911039
0.3495836
0.2486897
0
0
0
0
0
0
0
0
0
0
0
0
0
0
0
0
0
0
0
0
0
0.8043623
1.849647
3.556528
4.060836
4.419374
4.674268
4.984345
4.974465
4.889255
4.827576
4.755716
4.734707
4.719787
4.563618
2.887487
2.055154
1.463461
1.042843
0.5313253
0.3802395
0.2728319
0
0
0
0
0
0
0
0
0
0
0
0
0
0
0
0
0
0
0
0
0
1.842046
2.756057
3.405852
3.867822
4.429712
4.595695
4.713697
4.797583
4.857221
4.929767
4.951196
4.966426
4.977255
4.990425
4.994311
4.997082
4.852295
3.160882
2.247443
1.598005
1.13627
0.5745935
0.408659
0.2906895
0.2068138
0
0
0
0
0
0
0
0
0
0
0
0
0
0
0
0
0
0
0
0
0
0
0
0
0
0
0
0
0
0
0
0
0
0
0
0
0.8043528
1.849647
2.847209
3.556528
4.419374
4.674268
4.85549
4.984345
4.889126
4.827566
4.785323
4.75574
4.719787
4.563608
3.89925
2.887449
1.463432
1.042814
0.7438326
0.5312967
0.2728033
0
0
0
0
0
0
0
0
0
0
0
0
0
0
0
0
0
0
0
0
0.8067465
1.851988
3.173218
6.201806
7.300882
8.082261
8.637757
9.313421
9.513011
9.654903
9.755788
9.827504
9.914737
9.940505
9.95882
9.971843
9.987669
9.992347
9.99568
9.998045
9.196224
8.15124
6.83023
5.312967
2.703381
1.922164
1.366739
0.9718513
0.4914951
0.3495836
0.2486897
0
0
0
0
0
0
0
0
0
0
0
0
0
0
0
0
0
0
0
0
0
1.849647
2.847209
3.556528
4.060836
4.674268
4.85549
4.984345
4.97447
4.827738
4.785395
4.755788
4.734745
4.563618
3.899255
2.887449
2.055116
1.463423
0.7438278
0.531292
0.3802061
0
0
0
0
0
0
0
0
0
0
0
0
0
0
0
0
0
0
0
0
0
1.851988
3.173218
4.690657
6.201801
8.082256
8.637753
9.032664
9.313421
9.654899
9.755783
9.827499
9.878483
9.9405
9.95882
9.971843
9.981093
9.992347
9.995675
9.99804
9.852972
8.15124
6.83023
5.312972
3.802176
1.922164
1.366739
0.9718513
0.6911039
0.4914951
0.2486897
0
0
0
0
0
0
0
0
0
0
0
0
0
0
0
0
0
0
0
0
0
0.8043623
1.849647
2.847209
3.556528
4.060836
4.674268
4.85549
4.984345
4.974475
4.827538
4.785252
4.755697
4.734678
4.563584
3.899236
2.887449
2.055116
1.042814
0.7438326
0.5312967
0.3802109
0
0
0
0
0
0
0
0
0
0
0
0
0
0
0
0
0
0
0
0
0.8067465
1.842036
2.756042
3.405838
4.196205
4.429679
4.595661
4.797549
4.857192
4.899592
4.929738
4.951162
4.977221
4.984918
4.994278
4.997048
4.852266
4.195719
3.160868
1.598001
1.13627
0.8079863
0.5745935
0.2906895
0.2068138
0
0
0
0
0
0
0
0
0
0
0
0
0
0
0
0
0
0
0
0
0
0
0
0
0
0
0
0
0
0
0
0
0
0
0
0
0
0.8043528
1.849647
3.556528
4.060836
4.419374
4.674268
4.984345
4.974465
4.889407
4.827676
4.755754
4.734726
4.719796
4.563618
2.887459
2.055116
1.463437
1.042819
0.5312967
0.3802109
0.2728033
0
0
0
0
0
0
0
0
0
0
0
0
0
0
0
0
0
0
0
0
0
0.8067369
3.173218
4.690666
6.201806
7.300882
8.637762
9.032669
9.313431
9.654908
9.755793
9.827504
9.878492
9.94051
9.95883
9.971852
9.981103
9.992356
9.995685
9.99805
9.852977
8.15124
6.83023
5.312967
3.802171
1.922164
1.366739
0.9718513
0.6911039
0.3495836
0.2486897
0
0
0
0
0
0
0
0
0
0
0
0
0
0
0
0
0
0
0
0
0
0.8043671
1.849647
3.556528
4.060836
4.419374
4.674268
4.984345
4.974465
4.889307
4.827528
4.755664
4.734683
4.719772
4.563622
2.887502
2.055168
1.46349
1.042881
0.5313683
0.3802824
0.2728701
0
0
0
0
0
0
0
0
0
0
0
0
0
0
0
0
0
0
0
0
0
0.8067846
3.173261
4.690714
6.201863
7.300949
8.637838
9.03275
9.313507
9.513092
9.755864
9.827576
9.878564
9.914808
9.958901
9.971924
9.981174
9.98775
9.995756
9.998121
9.853039
9.196267
6.830254
5.312986
3.802185
2.70339
1.366744
0.9718561
0.6911087
0.4914999
0.2486944
0
0
0
0
0
0
0
0
0
0
0
0
0
0
0
0
0
0
0
0
0.8043766
1.849656
2.847209
4.060836
4.419374
4.674268
4.85549
4.974465
4.889455
4.827757
4.785347
4.73475
4.719825
4.563661
3.899312
2.055173
1.463494
1.042881
0.7438993
0.3802824
0.2728701
0
0
0
0
0
0
0
0
0
0
0
0
0
0
0
0
0
0
0
0
0.8067894
1.842079
2.75609
3.405886
4.196267
4.429755
4.595733
4.71374
4.857273
4.899669
4.92981
4.951243
4.977303
4.984999
4.990473
4.994359
4.852333
4.195762
3.160906
1.598015
1.136279
0.8079958
0.5746031
0.2906942
0.2068186
0
0
0
0
0
0
0
0
0
0
0
0
0
0
0
0
0
0
0
0
0
0
0
0
0
0
0
0
0
0
0
0
0
0
0
0
0
0.8043528
2.847209
3.556528
4.060836
4.419374
4.85549
4.984345
4.974465
4.889345
4.785314
4.755731
4.734712
4.719782
3.89926
2.887459
2.05512
1.463442
0.7438326
0.5313015
0.3802156
0.2728081
0
0
0
0
0
0
0
0
0
0
0
0
0
0
0
0
0
0
0
0
0.8067369
1.851988
3.173218
4.690666
7.300882
8.082266
8.637762
9.032669
9.513016
9.654913
9.755797
9.827509
9.914742
9.94051
9.95883
9.971852
9.987679
9.992356
9.995685
9.99805
9.196224
8.15124
6.83023
5.312967
2.703381
1.922164
1.366739
0.9718513
0.4914951
0.3495836
0.2486897
0
0
0
0
0
0
0
0
0
0
0
0
0
0
0
0
0
0
0
0
0
1.849647
2.847209
3.556528
4.060836
4.674268
4.85549
4.984345
4.974465
4.827442
4.785194
4.755664
4.734678
4.563618
3.899283
2.887497
2.055163
1.463485
0.7438946
0.5313635
0.3802776
0.2728701
0
0
0
0
0
0
0
0
0
0
0
0
0
0
0
0
0
0
0
0
0.8067846
1.852031
3.173261
4.690719
7.300949
8.082328
8.637834
9.032745
9.513087
9.65498
9.755864
9.827576
9.914813
9.940581
9.958897
9.971919
9.987745
9.992423
9.995751
9.998116
9.196262
8.151269
6.830249
5.312986
2.70339
1.922169
1.366744
0.9718561
0.4914999
0.3495884
0.2486944
0
0
0
0
0
0
0
0
0
0
0
0
0
0
0
0
0
0
0
0
0
1.849647
2.847209
3.556528
4.060836
4.674268
4.85549
4.984345
4.974465
4.889383
4.785223
4.755707
4.734707
