0
0
0
0
0
0
0
0
0
1.775742E-08
0.004213088
0.2686873
0.078343
0.3202372
0.1870395
0.278498
0.316152
0.402943
0.4904814
0.4483708
0.5508766
0.4855221
0.5586291
0.5929749
0.6582645
0.674906
0.7355559
0.7353497
0.7669132
0.8098665
0.8143216
0.8755879
0.9061751
0.9430354
0.9836065
1.010287
1.047131
1.073066
1.119443
1.142745
1.198425
1.214212
1.260553
1.284203
1.313036
1.353384
1.38456
1.422635
1.451048
1.482166
1.519925
1.547228
1.589843
1.631243
1.658371
1.700192
1.727793
1.770306
1.810437
1.836676
1.879994
1.906587
1.94926
1.975837
2.017204
2.058538
2.086359
2.126956
2.155643
2.196792
2.23822
2.26573
2.30691
2.334668
2.376107
2.403464
2.445017
2.486427
2.513881
2.555404
2.582836
2.62436
2.665654
2.693303
2.734611
2.762359
2.803626
2.831235
2.872613
2.913987
2.941636
2.982975
3.010586
3.051968
3.079583
3.120929
3.162329
3.189899
3.231316
3.258891
3.300274
3.341655
3.36926
3.41063
3.438233
3.47961
3.507211
3.548593
3.589973
3.617575
3.658952
3.686546
3.72793
3.755528
3.796906
3.838295
3.865881
3.907268
3.93486
3.976245
4.003838
4.045222
4.086606
4.114198
4.155582
4.183173
4.22456
4.25215
4.293536
4.334921
4.362512
4.403897
4.431488
4.472873
4.51426
4.54185
4.583235
4.610826
4.652211
4.679802
4.721188
4.748778
4.790164
4.83155
4.85914
4.900526
4.928116
4.969502
5.010887
5.038478
5.079864
5.107454
5.14884
5.17643
5.217815
5.245406
5.286792
5.328178
5.355768
5.397154
5.424745
5.46613
5.49372
5.535106
5.562696
5.604082
5.645468
5.673059
5.714444
5.742034
5.78342
5.81101
5.852396
5.893782
5.921372
5.962758
5.990348
6.031734
6.059325
6.100711
6.128301
6.169686
6.211072
6.238663
6.280048
6.307639
6.349025
6.376615
6.418
6.445591
6.486977
6.528363
6.555953
6.597338
6.624929
6.666315
6.693905
6.735291
6.776677
6.804267
6.845653
6.873243
6.914629
6.942219
6.983605
7.011195
7.052581
7.080172
7.121557
7.162943
7.190294
7.126516
7.146484
7.141478
7.095416
7.189659
7.225415
7.213315
7.231872
7.21787
7.212958
7.271049
7.219861
7.313149
7.288417
7.270927
7.273183
7.300195
7.299251
7.316123
7.33275
7.339993
7.37112
7.362646
7.379651
7.381187
7.393817
7.4058
7.415793
7.424681
7.442563
7.448565
7.456262
7.46509
7.473709
7.484369
7.49425
7.504882
7.516045
7.526572
7.530604
7.543841
7.551467
7.562049
7.569821
7.58065
7.587329
7.598913
7.605879
7.616863
7.628448
7.634397
7.645819
7.652699
7.663753
7.67067
7.682162
7.692976
7.700209
7.710491
7.717729
7.728611
7.735417
7.746308
7.75321
7.763879
7.774646
7.78171
7.79213
7.799258
7.809695
7.816767
7.827289
7.834267
7.844762
7.85169
7.862081
7.869089
7.879531
7.886412
7.896815
7.907125
7.914031
7.924333
7.931203
7.941495
7.948362
7.958586
7.965404
7.975617
7.985807
7.992597
8.002747
8.009528
8.019653
8.026394
8.036484
8.043214
8.053267
8.063308
8.069999
8.080007
8.086671
8.096648
8.103291
8.113235
8.119854
8.129766
8.136367
8.146247
8.156111
8.162675
8.172504
8.179048
8.188848
8.19537
8.205138
8.211639
8.221375
8.227856
8.237561
8.247248
8.253695
8.26335
8.269777
8.279403
8.285809
8.295403
8.301788
8.311352
8.317718
8.32725
8.333596
8.343099
8.349423
8.358896
8.365201
8.374643
8.380928
8.390341
8.396605
8.405989
8.412233
8.421586
8.430921
8.437135
8.44644
8.452634
8.46191
8.468084
8.477331
8.483485
8.492703
8.498838
8.508027
8.514143
8.523303
8.532446
8.53853
8.547645
8.553711
8.562796
8.568842
8.577899
8.583927
8.592956
8.601967
8.607964
8.616947
8.622927
8.631881
8.637841
8.646769
8.65271
8.661609
8.667532
8.676403
8.682308
8.691151
8.699978
8.705853
8.714653
8.72051
8.729282
8.735121
8.743866
8.749686
8.758404
8.764207
8.772897
8.778682
8.787345
8.793112
8.801748
8.807498
8.816108
8.821838
8.830421
8.836135
8.844692
8.853233
8.858918
8.867433
8.8731
8.881589
8.887239
8.8957
8.901333
8.90977
8.915385
8.923795
8.929393
8.937778
8.946146
8.951716
8.960059
8.965613
8.97393
8.979467
8.987759
8.993279
9.001545
9.007048
9.015289
9.023515
9.02899
9.037191
9.04265
9.050826
9.056269
9.064419
9.069845
9.077971
9.086082
9.091481
9.099567
9.10495
9.113012
9.118379
9.126416
9.131766
9.139778
9.147777
9.153101
9.161075
9.166383
9.174333
9.179625
9.18755
9.192825
9.200727
9.208614
9.213865
9.221727
9.226962
9.234802
9.240021
9.247836
9.253038
9.260832
9.266018
9.273787
9.281542
9.286703
9.294435
9.299582
9.307289
9.312421
9.320105
9.32522
9.332882
9.337982
9.345621
9.350706
9.358321
9.365923
9.370983
9.378563
9.383608
9.391164
9.396194
9.403728
9.408743
9.416254
9.421254
9.428742
9.433727
9.441194
9.446164
9.453608
9.458563
9.465984
9.470925
9.478325
9.485711
9.490627
9.497992
9.502894
9.510237
9.515124
9.522445
9.527317
9.534616
9.539474
9.546751
9.554015
9.55885
9.566093
9.570914
9.578135
9.582941
9.590141
9.594934
9.602112
9.60689
9.614047
9.618811
9.625946
9.633069
9.637811
9.644913
9.64964
9.656721
9.661434
9.668494
9.673194
9.680232
9.684918
9.691936
9.698942
9.703606
9.71059
9.71524
9.722205
9.726841
9.733786
9.738408
9.745332
9.749941
9.756844
9.763735
9.768322
9.775192
9.779766
9.786616
9.791177
9.798008
9.802554
9.809364
9.813898
9.820688
9.827467
9.83198
9.838737
9.843237
9.849976
9.854462
9.861181
9.865654
9.872353
9.876813
9.883492
9.890161
9.894599
9.901248
9.905674
9.912303
9.916717
9.923326
9.927726
9.934317
9.940895
9.945275
9.951836
9.956202
9.962743
9.967094
9.973293
9.977007
9.982281
9.985283
9.989413
9.993038
9.995177
