13
515
1018
1519
2020
2521
3024
3526
4028
4530
5031
5532
6036
6538
7039
7542
8043
8544
9045
9546
10048
10549
11050
11551
12055
12556
13057
13561
14063
14564
15064
15566
16066
16569
17070
17571
18072
18574
19074
19576
20077
20578
21079
21579
22080
22582
23083
23586
24087
24589
25090
25617
26118
26619
27120
27624
28125
28626
29127
29628
30129
30629
31132
31634
32135
32640
33143
33644
34145
34646
35147
35648
36149
36650
37152
37653
38154
38656
39157
39657
40161
40662
41163
41664
42165
42666
43169
43670
44171
44673
45174
45676
46178
46680
47181
47682
48183
48684
49186
49686
50187
50688
51189
51690
52191
52696
53198
53700
54201
54702
55203
55705
56207
56707
57208
57709
58210
58715
59220
59722
60224
60725
61231
61732
62234
62735
63236
63738
64247
64748
65249
65753
66255
66755
67268
67769
68270
68772
69273
69773
70277
70778
71279
71781
72282
72784
73285
73786
74287
74788
75289
75790
76291
76792
77295
77796
78296
78798
79299
79801
80302
80802
81304
81805
82306
82808
83309
83810
84311
84812
85313
85815
86315
86819
87320
87821
88334
88836
89337
89839
90340
90842
91346
91847
92348
92850
93352
93853
94354
94854
95367
95869
96370
96871
97372
97873
98375
98875
99378
99880
100380
100881
101382
101883
102390
102891
103392
103893
104394
104894
105403
105904
106405
106907
107409
107910
108413
108914
109415
109916
110418
110919
111420
111921
112422
112923
113425
113930
114431
114932
115433
115933
116435
116936
117437
117938
118439
118940
119441
119943
120446
120947
121449
121950
122451
122958
123461
123961
124462
124964
125465
125967
126468
126969
127469
127971
128472
128973
129475
129977
130478
130979
131480
131980
132489
132990
133490
133991
134492
134993
135500
136001
136502
137002
137503
138005
138506
139007
139508
140011
140520
141021
141522
142026
142528
143029
143531
144033
144534
145035
145536
146037
146538
147040
147542
148042
148543
149044
149545
150047
150548
151049
151551
152052
152553
153055
153556
154057
154558
155058
155560
156061
156563
157065
157566
158067
158569
159069
159570
160071
160572
161074
161574
162076
162577
163081
163583
164084
164585
165087
165588
166089
166591
167094
167596
168097
168602
169104
169605
170108
170609
171110
171613
172114
172616
173117
173618
174119
174620
175122
175624
176124
176626
177127
177627
178129
178629
179130
179632
180133
180633
181135
181637
182137
182638
183139
183641
184142
184664
185166
185667
186168
186670
187171
187674
188175
188676
189177
189678
190179
190686
191187
191688
192189
192690
193191
193692
194196
194697
195198
195703
196204
196706
197207
197708
198210
198710
199212
199715
200216
200728
201230
201731
202232
202733
203234
203736
204236
204737
205238
205739
206240
206741
207245
207747
208247
208748
209249
209751
210253
210754
211255
211757
212260
212761
213262
213763
214265
214765
215266
215767
216268
216770
217271
217772
218275
218775
219283
219785
220286
220788
221288
221790
222292
222793
223295
223797
224298
224801
225304
225808
226309
226810
227329
227830
228332
228833
229334
229834
230336
230837
231342
231842
232343
232847
233348
233849
234351
234853
235353
235855
236355
236869
237375
237876
238379
238880
239381
239882
240384
240885
241395
241896
242399
242900
243401
243903
244404
244905
245407
245909
246410
246911
247412
247915
248415
248916
249417
249918
250419
250920
251422
251923
252424
252930
253431
253932
254433
254935
255435
255938
256438
256942
257444
257945
258447
258948
259449
259951
260452
260955
261456
261957
262458
262960
263460
263962
264462
264964
265464
265965
266466
266966
267469
267970
268471
268973
269474
269977
270478
270980
271483
271983
272484
272986
273487
273988
274489
274989
275506
276007
276508
277010
277511
278012
278514
279015
279516
280018
280519
281020
281521
282022
282524
283024
283525
284027
284528
285032
285533
286034
286535
287036
287537
288039
288540
289041
289543
290044
290557
291058
291559
292077
292579
293080
293581
294081
294582
295084
295585
296086
296587
297088
297591
298092
298593
299094
299595
