4
511
1060
1577
2078
2579
3081
3610
4134
4643
5146
5650
6156
6674
7175
7677
8223
8727
9227
9728
10229
10731
11232
11733
12233
12734
13235
13736
14238
14740
15241
15753
16255
16757
17261
17761
18266
18768
19268
19770
20270
20776
21277
21783
22285
22786
23287
23788
24300
24802
25303
25805
26306
26807
27308
27814
28315
28835
29339
29840
30343
30844
31345
31846
32348
32848
33350
33851
34352
34853
35354
35863
36365
36866
37368
37869
38370
38871
39385
39887
40388
40889
41390
41891
42393
42895
43395
43898
44399
44900
45404
45904
46406
46907
47410
47911
48413
48914
49416
49917
50418
50919
51420
51922
52422
52923
53430
53932
54434
54934
55436
55937
56438
56940
57440
57943
58443
58953
59458
59960
60462
60963
61465
61966
62468
62969
63476
63977
64478
64980
65482
65983
66484
66986
67488
67998
68499
69000
69502
70002
70503
71005
71506
72007
72508
73009
73510
74012
74512
75014
75515
76016
76517
77032
77533
78033
78535
79037
79541
80041
80543
81043
81546
82046
82548
83049
83550
84051
84553
85054
85556
86058
86559
87060
87561
88063
88564
89065
89566
90066
90568
91069
91571
92071
92586
93086
93588
94091
94592
95093
95594
96095
96596
97097
97599
98102
98603
99105
99606
100107
100608
101109
101618
102119
102621
103123
103634
104135
104636
105138
105640
106142
106643
107144
107645
108164
108666
109166
109668
110169
110671
111171
111672
112173
112678
113179
113680
114182
114684
115185
115686
116187
116689
117190
117691
118193
118694
119195
119696
120197
120698
121203
121704
122205
122706
123207
123709
124210
124712
125213
125717
126218
126719
127220
127721
128222
128727
129229
129729
130231
130732
131234
131735
132236
132738
133246
133747
134249
134750
135254
135755
136264
136765
137266
137767
138269
138770
139271
139772
140273
140775
141277
141779
142281
142795
143296
143797
144298
144800
145301
145802
146305
146806
147307
147809
148310
148811
149328
149829
150330
150831
151333
151834
152335
152837
153338
153840
154341
154843
155344
155848
156348
156850
157352
157853
158356
158857
159358
159859
160360
160861
161367
161868
162369
162870
163371
163872
164373
164875
165376
165878
166379
166880
167381
167883
168384
168885
169387
169889
170391
170892
171394
171896
172397
172904
173407
173908
174409
174910
175411
175912
176414
176916
177418
177919
178420
178923
179424
179925
180429
180931
181432
181934
182435
182936
183438
183940
184441
184942
185443
185949
186450
186953
187454
187962
188463
188964
189466
189967
190467
190969
191470
191972
192474
192975
193477
193978
194487
194988
195490
195992
196492
196993
197494
197995
198496
198996
199498
200000
200501
201023
201524
202025
202526
203027
203529
204030
204533
205033
205534
206035
206565
207066
207567
208069
208570
209071
209573
210074
210576
211076
211578
212080
212581
213099
213600
214102
214606
215107
215610
216111
216612
217114
217616
218118
218625
219126
219626
220127
220628
221130
221631
222134
222635
223136
223637
224138
224640
225142
225645
226147
226648
227149
227650
228151
228652
229153
229655
230156
230658
231159
231663
232164
232666
233167
233669
234171
234673
235174
235677
236179
236680
237182
237683
238184
238685
239209
239712
240214
240716
241218
241718
242221
242722
243228
243729
244229
244732
245233
245734
246235
246736
247241
247743
248244
248746
249247
249748
250250
250751
251252
251756
252258
252759
253260
253767
254269
254770
255272
255773
256274
256776
257307
257808
258310
258811
259312
259813
260314
260816
261317
261823
262324
262825
263326
263841
264342
264843
265344
265846
266347
266848
267351
267852
268354
268856
269358
269858
270369
270870
271370
271875
272376
272876
273378
273880
274381
274882
275383
275884
276388
276890
277391
277908
278409
278910
279412
279913
280414
280915
281419
281920
282422
282924
283427
283928
284444
284946
285447
285948
286449
286950
287450
287952
288454
288955
289456
289957
290458
290963
291463
291969
292470
292972
293475
293978
294479
294980
295482
295984
296485
296986
297487
297989
298494
298995
299496
299998
