0
0
0
0
0
0
0
0
0
1.419727E-08
0.003390163
0.1114463
0.03885712
0.2040695
0.2653032
0.2496238
0.2253891
0.2545165
0.2952645
0.3605353
0.3729753
0.3839138
0.4034878
0.4359185
0.5039389
0.53275
0.5374972
0.5953871
0.6160765
0.6207303
0.6793546
0.679585
0.7328841
0.7493982
0.7883089
0.8067608
0.8380212
0.8686214
0.8992345
0.9250372
0.9700918
0.9829069
1.020395
1.039568
1.072895
1.105091
1.1404
1.165076
1.199798
1.230376
1.252472
1.286977
1.320485
1.34245
1.376302
1.398649
1.43306
1.465549
1.498314
1.521859
1.554528
1.588505
1.610767
1.644188
1.666392
1.69998
1.733363
1.755927
1.789406
1.823212
1.845116
1.878853
1.912175
1.934581
1.967956
2.001659
2.023886
2.057464
2.090825
2.113207
2.146709
2.18025
2.202552
2.236153
2.26956
2.291909
2.325406
2.358899
2.381282
2.414747
2.448262
2.470598
2.504088
2.537613
2.559938
2.593432
2.626953
2.649274
2.682793
2.705107
2.738621
2.772122
2.79446
2.827954
2.861465
2.883797
2.9173
2.950798
2.973134
3.00664
3.028975
3.062474
3.095981
3.118314
3.151817
3.18532
3.207655
3.241159
3.274661
3.296996
3.330499
3.364
3.386336
3.419839
3.453342
3.475677
3.509179
3.542682
3.565017
3.598521
3.632023
3.654358
3.68786
3.721364
3.743698
3.777201
3.810704
3.833039
3.866541
3.900044
3.922379
3.955882
3.978217
4.01172
4.045223
4.067558
4.10106
4.134563
4.156898
4.190401
4.223904
4.246239
4.279741
4.302077
4.335579
4.369082
4.391417
4.42492
4.458423
4.480758
4.51426
4.547763
4.570098
4.603601
4.625936
4.659439
4.692941
4.715277
4.748779
4.782282
4.804617
4.83812
4.871622
4.893958
4.92746
4.949795
4.983298
5.016801
5.039136
5.072639
5.106142
5.128477
5.161979
5.195482
5.217817
5.251319
5.284822
5.307158
5.34066
5.374163
5.396498
5.43
5.463504
5.485839
5.519341
5.541677
5.575179
5.608682
5.631017
5.66452
5.698022
5.720357
5.75386
5.787363
5.809698
5.843201
5.865536
5.899038
5.932541
5.954876
5.988379
6.021882
6.044217
6.077719
6.111222
6.133557
6.16706
6.189395
6.222898
6.2564
6.278735
6.312239
6.345741
6.368076
6.401579
6.435081
6.457417
6.49092
6.513255
6.546757
6.58026
6.602595
6.636098
6.6696
6.691936
6.725438
6.747773
6.781276
6.814779
6.837114
6.870617
6.904119
6.926455
6.959957
6.982293
7.015795
7.049298
7.071633
7.105135
7.138638
7.160735
7.089324
7.103844
7.091195
7.085753
7.126554
7.146015
7.160818
7.147977
7.155339
7.149826
7.158008
7.117357
7.165991
7.170188
7.186185
7.180871
7.165806
7.16356
7.200156
7.173285
7.201679
7.183048
7.194377
7.193995
7.196065
7.200558
7.205588
7.207027
7.212978
7.218526
7.218813
7.222722
7.223957
7.231807
7.232227
7.23552
7.241787
7.244999
7.245476
7.250104
7.253069
7.258984
7.259691
7.263258
7.266135
7.270057
7.273505
7.275793
7.280152
7.283905
7.286407
7.289751
7.292113
7.29548
7.299055
7.301645
7.30551
7.307981
7.311666
7.31379
7.317762
7.32125
7.323962
7.327397
7.331093
7.333331
7.33703
7.339397
7.342966
7.345424
7.348928
7.35252
7.354853
7.358361
7.361979
7.364372
7.367899
7.371452
7.373738
7.377311
7.379601
7.383122
7.3866
7.388974
7.392441
7.395932
7.398228
7.401703
7.404008
7.407462
7.410903
7.413216
7.41664
7.420077
7.422351
7.425773
7.428049
7.43145
7.434854
7.437115
7.440505
7.443886
7.446136
7.449503
7.451749
7.455107
7.45846
7.46069
7.46403
7.467363
7.469585
7.472905
7.475118
7.478428
7.481734
7.483933
7.487226
7.490514
7.492702
7.495978
7.499248
7.501423
7.504682
7.506851
7.510098
7.51334
7.515497
7.518727
7.520876
7.524096
7.527309
7.529448
7.53265
7.535845
7.537972
7.541157
7.543277
7.546452
7.54962
7.551728
7.554885
7.558036
7.560133
7.563274
7.565364
7.568495
7.571618
7.573698
7.576811
7.579918
7.581985
7.585083
7.587144
7.59023
7.59331
7.59536
7.598431
7.601494
7.603533
7.606587
7.608619
7.611663
7.6147
7.616722
7.619749
7.62277
7.624781
7.627792
7.629796
7.632797
7.635793
7.637786
7.640771
7.64375
7.645733
7.648703
7.650679
7.653639
7.656592
7.658558
7.661502
7.66444
7.666395
7.669323
7.671272
7.674191
7.677103
7.679042
7.681944
7.684842
7.68677
7.689658
7.691579
7.694458
7.69733
7.699242
7.702105
7.704962
7.706863
7.709711
7.711606
7.714444
7.717277
7.719162
7.721986
7.724803
7.726679
7.729487
7.732289
7.734155
7.736949
7.739737
7.741592
7.74437
7.74622
7.74899
7.751754
7.753594
7.756349
7.758183
7.760928
7.763669
7.765493
7.768224
7.77095
7.772765
7.775481
7.778193
7.779998
7.782701
7.7845
7.787193
7.789882
7.791671
7.794351
7.796134
7.798805
7.801471
7.803245
7.805902
7.808553
7.810318
7.812961
7.81472
7.817354
7.819983
7.821733
7.824353
7.826968
7.828709
7.831316
7.83305
7.835648
7.838241
7.839967
7.842551
7.84513
7.846847
7.849418
7.851129
7.853692
7.856249
7.857951
7.8605
7.863044
7.864737
7.867272
7.86896
7.871488
7.87401
7.875689
7.878203
7.880712
7.882382
7.884883
7.886548
7.889041
7.891529
7.893185
7.895664
7.898139
7.899786
7.902253
7.903895
7.906353
7.908807
7.91044
7.912887
7.915328
7.916952
7.919385
7.921005
7.92343
7.92585
7.927461
7.929874
7.932281
7.933884
7.936285
7.937881
7.940274
7.942661
7.94425
7.94663
7.949005
7.950585
7.952953
7.954528
7.956888
7.959243
7.960811
7.963158
7.9655
7.96706
7.969395
7.970949
7.973276
7.975599
7.977145
7.97946
7.981771
7.98331
7.985613
7.987146
7.989442
7.991733
7.993258
7.995543
7.997062
7.999339
8.001611
8.003122
8.005388
8.006895
8.009152
8.011406
8.012904
8.01515
8.016644
8.018884
8.021117
8.022604
8.024831
8.027054
8.028532
8.030747
8.032222
