48
552
1149
1650
2152
2655
3174
3674
4342
4895
5446
6006
6565
7066
7567
8067
8569
9070
9571
10074
10577
11078
11579
12080
12595
13097
13599
14100
14601
15102
15604
16117
16618
17121
17622
18123
18633
19134
19636
20137
20642
21183
21684
22185
22686
23186
23687
24189
24692
25193
25712
26213
26716
27232
27735
28237
28737
29245
29747
30248
30749
31251
31752
32253
32754
33256
33759
34264
34765
35266
35768
36269
36771
37273
37778
38281
38783
39284
39785
40297
40825
41327
41829
42330
42830
43332
43833
44335
44836
45337
45841
46342
46843
47345
47847
48348
48855
49378
49879
50468
50969
51549
52067
52583
53151
53699
54266
54816
55488
56049
56633
57162
57727
58298
58799
59300
59804
60387
61029
61804
62583
63342
64130
64949
65854
66924
67916
69110
70025
70878
71715
72710
73585
74546
75468
76747
77834
78691
79560
80674
81677
82726
83644
84548
85402
86341
87096
87803
88539
89351
90097
90709
91423
92084
92796
93804
94521
95156
95938
96668
97516
98467
99422
100200
100927
101652
102509
103375
104177
104891
105683
106437
107199
107959
108649
109424
110136
110864
111416
112101
112765
113386
113895
114399
114905
115423
116043
116769
117327
117859
118418
119221
120079
120846
121586
122396
123158
123842
124628
125471
126148
126669
127171
127686
128188
128713
129214
129721
130222
130724
131225
131726
132227
132730
133231
133732
134233
134735
135237
135738
136240
136743
137249
137750
138252
138753
139254
139754
140258
140759
141261
141766
142267
142768
143269
143778
144279
144782
145283
145784
146285
146787
147288
147789
148291
148792
149294
149796
150298
150800
151300
151805
152306
152809
153310
153812
154313
154815
155316
155818
156320
156821
157322
157825
158327
158828
159329
159830
160332
160833
161335
161836
162337
162838
163340
163842
164344
164845
165347
165849
166350
166861
167361
167862
168365
168867
169368
169885
170386
170888
171390
171891
172392
172894
173395
173897
174398
174899
175402
175902
176403
176904
177405
177906
178408
178909
179411
179912
180414
180914
181416
181916
182417
182918
183419
183920
184421
184923
185424
185926
186430
186931
187433
187934
188434
188936
189436
189938
190440
190941
191443
191943
192445
192946
193446
193948
194449
194950
195452
195953
196462
196963
197464
197966
198467
198968
199470
199970
200476
200977
201478
201979
202480
202981
203484
203984
204486
204987
205488
205991
206492
206992
207493
207994
208497
208998
209500
210002
210502
211003
211507
212008
212509
213010
213512
214013
214514
215016
215517
216018
216526
217027
217528
218029
218530
219031
219533
220033
220535
221037
221539
222049
222551
223053
223555
224061
224562
225064
225567
226067
226569
227070
227571
228073
228574
229075
229577
230078
230579
231080
231625
232125
232627
233130
233631
234138
234639
235143
235644
236145
236649
237150
237652
238153
238654
239155
239672
240174
240675
241235
241736
242341
242853
243354
243855
244377
244878
245380
245882
246403
246934
247435
247937
248438
248939
249449
249950
250451
250989
251490
251993
252496
253013
253514
254016
254517
255018
255521
256024
256524
257033
257534
258037
258586
259088
259588
260097
260634
261134
261635
262137
262638
263144
263645
264148
264652
265152
265672
266184
266686
267187
267688
268190
268700
269201
269702
270203
270716
271216
271717
272218
272725
273226
273730
274231
274732
275234
275735
276237
276738
277240
277780
278281
278782
279285
279787
280288
280789
281291
281796
282297
282799
283300
283805
284308
284810
285318
285828
286328
286836
287337
287838
288340
288841
289343
289843
290345
290846
291347
291850
292350
292852
293372
293910
294413
294914
295442
295943
296443
296945
297446
297947
298456
298958
299461
299962
