0
0
0
0
0
0
0
0
0
1.245548E-08
0.0001577552
0.09820737
0.03439325
0.1603744
0.2341616
0.2202079
0.1835319
0.2245812
0.2604975
0.2896696
0.3291358
0.3387165
0.4227358
0.3845903
0.4446162
0.4163474
0.4742483
0.5253155
0.5251282
0.5476609
0.599417
0.5816246
0.6466421
0.6472098
0.6910589
0.7118338
0.7345933
0.7579166
0.7934285
0.807826
0.8398852
0.86726
0.8894707
0.917256
0.9466543
0.9666616
0.9998429
1.027991
1.045962
1.07695
1.105104
1.126256
1.153944
1.184498
1.204866
1.234086
1.264447
1.283096
1.311859
1.3428
1.361792
1.392274
1.421247
1.440806
1.470328
1.499965
1.519201
1.54933
1.569082
1.598672
1.628027
1.647738
1.677185
1.706966
1.726555
1.75633
1.785765
1.805477
1.835053
1.864577
1.884331
1.913856
1.943411
1.963195
1.992705
2.022255
2.04197
2.071495
2.101114
2.120772
2.150364
2.170077
2.199647
2.22918
2.248894
2.278444
2.308028
2.327724
2.357283
2.386842
2.406559
2.43611
2.465682
2.485381
2.51495
2.544509
2.564211
2.593777
2.623336
2.643045
2.672608
2.692315
2.721877
2.751436
2.771144
2.800707
2.830266
2.849974
2.879535
2.909097
2.928803
2.958365
2.987926
3.007635
3.037195
3.066757
3.086464
3.116025
3.145586
3.165294
3.194854
3.224416
3.244123
3.273685
3.303246
3.322953
3.352515
3.372222
3.401783
3.431345
3.451052
3.480613
3.510174
3.529882
3.559443
3.589004
3.608712
3.638273
3.65798
3.687541
3.717103
3.73681
3.766371
3.795933
3.81564
3.845201
3.874762
3.89447
3.924031
3.943739
3.9733
4.002861
4.022569
4.05213
4.081691
4.101398
4.13096
4.160521
4.180228
4.209789
4.23935
4.259058
4.28862
4.318181
4.337888
4.367449
4.39701
4.416718
4.446279
4.465986
4.495548
4.525109
4.544816
4.574378
4.603939
4.623646
4.653208
4.682769
4.702477
4.732038
4.761599
4.781306
4.810867
4.830575
4.860136
4.889697
4.909405
4.938966
4.968527
4.988235
5.017796
5.047357
5.067064
5.096626
5.116333
5.145894
5.175455
5.195163
5.224724
5.254285
5.273993
5.303554
5.333116
5.352822
5.382384
5.411945
5.431653
5.461214
5.480921
5.510482
5.540044
5.559751
5.589313
5.618873
5.638581
5.668142
5.697703
5.717411
5.746972
5.76668
5.796241
5.825802
5.845509
5.875071
5.904632
5.924339
5.9539
5.973608
6.00317
6.03273
6.052438
6.081999
6.11156
6.131268
6.160829
6.19039
6.210098
6.239658
6.259366
6.288927
6.318489
6.338196
6.367757
6.397318
6.417026
6.446588
6.466294
6.495856
6.525417
6.545125
6.574686
6.604247
6.623954
6.653516
6.673223
6.702785
6.732345
6.752053
6.781614
6.811175
6.830883
6.860444
6.890006
6.909713
6.939274
6.958981
6.988543
7.018104
7.037811
7.067372
7.096934
7.116642
7.145964
7.136263
7.082608
7.066064
7.012426
7.09494
7.110524
7.099133
7.106047
7.084395
7.06795
7.105828
7.055825
7.107434
7.107812
7.125569
7.112149
7.108435
7.109835
7.121325
7.108339
7.116566
7.094182
7.105031
7.098875
7.097206
7.099608
7.100509
7.103784
7.1017
7.103539
7.094685
7.101573
7.099121
7.102418
7.101261
7.103823
7.10471
7.104266
7.101002
7.103298
7.103645
7.103324
7.103207
7.103806
7.103628
7.103948
7.102816
7.103694
7.104776
7.104166
7.104768
7.103953
7.104538
7.104353
7.104778
7.104614
7.105353
7.105065
7.10523
7.105011
7.105474
7.105461
7.105842
7.105787
7.10592
7.10592
7.106149
7.106207
7.106316
7.106459
7.106529
7.10668
7.106723
7.106804
7.106999
7.107115
7.107232
7.107382
7.107403
7.107583
7.107616
7.107758
7.107862
7.10799
7.108095
7.108231
7.108294
7.108425
7.108505
7.108626
7.108741
7.10884
7.10895
7.10908
7.109151
7.109277
7.109399
7.109475
7.109599
7.109719
7.1098
7.10992
7.109999
7.110116
7.110236
7.110317
7.110436
7.110516
7.110633
7.110751
7.110832
7.110948
7.111027
7.111144
7.111261
7.11134
7.111455
7.111573
7.11165
7.111767
7.111844
7.111959
7.112076
7.112153
7.112267
7.112383
7.112459
7.112574
7.11265
7.112764
7.112878
7.112954
7.113067
7.113142
7.113256
7.113369
7.113444
7.113556
7.113669
7.113743
7.113855
7.11393
7.114041
7.114153
7.114227
7.114338
7.114448
7.114522
7.114632
7.114706
7.114816
7.114925
7.114998
7.115107
7.115216
7.115289
7.115398
7.11547
7.115579
7.115686
7.115759
7.115867
7.115974
7.116045
7.116153
7.116223
7.11633
7.116437
7.116508
7.116614
7.11672
7.11679
7.116897
7.116966
7.117072
7.117177
7.117247
7.117352
7.117455
7.117525
7.117629
7.117699
7.117803
7.117906
7.117975
7.118078
7.118181
7.118249
7.118352
7.118454
7.118523
7.118625
7.118692
7.118793
7.118896
7.118963
7.119064
7.119165
7.119232
7.119332
7.119399
7.119499
7.119599
7.119666
7.119766
7.119865
7.119932
7.12003
7.120097
7.120195
7.120294
7.120359
7.120458
7.120556
7.120621
7.120718
7.120784
7.120881
7.120978
7.121043
7.12114
7.121236
7.121301
7.121397
7.121461
7.121557
7.121653
7.121716
7.121811
7.121907
7.12197
7.122065
7.122128
7.122223
7.122317
7.12238
7.122474
7.122537
7.122631
7.122724
7.122786
7.122879
7.122972
7.123034
7.123127
7.123188
7.123281
7.123373
7.123435
7.123527
7.123588
7.123679
7.12377
7.123831
7.123922
7.124013
7.124074
7.124164
7.124224
7.124314
7.124405
7.124465
7.124555
7.124644
7.124703
7.124793
7.124882
7.124941
7.12503
7.125089
7.125177
7.125266
7.125324
7.125412
7.1255
7.125558
7.125646
7.125733
7.125792
7.125878
7.125936
7.126022
7.12611
7.126167
7.126253
7.126339
7.126396
7.126482
7.126539
7.126625
7.12671
7.126767
7.126852
7.126936
7.126993
7.127078
7.127162
7.127218
7.127302
7.127386
7.127442
7.127525
7.127581
7.127664
7.127748
7.127802
7.127885
7.127968
7.128023
7.128106
7.128188
7.128242
7.128325
7.128379
7.12846
