0
0
0
0
0
0
0
0
0
1.506961E-08
0.0001902767
0.1180682
0.04108705
0.1925943
0.2808725
0.2643326
0.2202685
0.2694839
0.3126485
0.3476192
0.3948942
0.4065129
0.5072418
0.4615834
0.5336007
0.499704
0.5691218
0.6304233
0.630219
0.6572657
0.7193235
0.6979678
0.7760054
0.7934904
0.8293079
0.8542246
0.8873224
0.909524
0.9521376
0.9794599
1.007902
1.040731
1.080429
1.100725
1.136016
1.170106
1.199838
1.23362
1.255188
1.292367
1.326157
1.351537
1.384765
1.421426
1.445868
1.480931
1.517367
1.539744
1.574259
1.611389
1.634181
1.670759
1.705527
1.728996
1.764424
1.799988
1.82307
1.859225
1.894674
1.918437
1.953662
1.989383
2.012652
2.048389
2.083727
2.107625
2.142947
2.1785
2.202093
2.237522
2.272995
2.296657
2.332122
2.3677
2.391276
2.426736
2.462203
2.485823
2.521366
2.556799
2.580466
2.615936
2.639606
2.675046
2.710532
2.734163
2.769663
2.805123
2.82877
2.86424
2.899725
2.923361
2.958848
2.994313
3.01797
3.053441
3.088914
3.112562
3.148033
3.18351
3.207159
3.242628
3.266282
3.301753
3.337227
3.360878
3.396349
3.419998
3.455472
3.490946
3.514593
3.550068
3.585541
3.609191
3.644664
3.680138
3.703786
3.739259
3.762908
3.798382
3.833854
3.857505
3.892977
3.928451
3.9521
3.987573
4.023047
4.046696
4.08217
4.117643
4.141292
4.176765
4.200415
4.235888
4.271361
4.29501
4.330483
4.354133
4.389606
4.413255
4.448728
4.484201
4.507851
4.543324
4.566973
4.602447
4.63792
4.661569
4.697042
4.720692
4.74434
4.779814
4.803463
4.838936
4.862585
4.898058
4.921708
4.957181
4.98083
5.016304
5.039952
5.075426
5.099075
5.134548
5.158197
5.19367
5.217319
5.252793
5.276442
5.311915
5.335565
5.371037
5.394687
5.43016
5.453809
5.489283
5.512931
5.548405
5.572054
5.607528
5.631176
5.66665
5.690299
5.725772
5.749421
5.784895
5.808544
5.844017
5.87949
5.90314
5.938613
5.962262
5.997735
6.021384
6.056858
6.080506
6.11598
6.139629
6.175103
6.198751
6.234225
6.269698
6.293347
6.328821
6.35247
6.387943
6.411592
6.447065
6.482539
6.506188
6.541662
6.56531
6.600784
6.624433
6.659906
6.69538
6.719028
6.754502
6.778151
6.813624
6.849098
6.872747
6.90822
6.943694
6.967342
7.002816
7.026465
7.061939
7.097412
7.121061
7.156296
7.08682
7.102845
7.09207
7.042258
7.130578
7.1624
7.144567
7.157333
7.139534
7.128902
7.183092
7.126306
7.215619
7.185245
7.164001
7.160575
7.183779
7.177179
7.190278
7.201243
7.203184
7.230186
7.216137
7.229376
7.230256
7.234226
7.240374
7.2469
7.253906
7.257429
7.263752
7.265132
7.272866
7.274714
7.275279
7.283261
7.284992
7.292502
7.292893
7.292893
7.294036
7.30013
7.304386
7.306691
7.314965
7.319474
7.325106
7.328947
7.328947
7.332432
7.334346
7.337606
7.340533
7.344757
7.349514
7.351047
7.355729
7.360512
7.36418
7.36926
7.373219
7.379226
7.382765
7.388273
7.391974
7.39697
7.400689
7.4063
7.409597
7.415236
7.41864
7.424073
7.427737
7.433197
7.438409
7.442069
7.447313
7.450929
7.456274
7.459806
7.465142
7.468636
7.473883
7.477467
7.482782
7.486252
7.491543
7.495029
7.498517
7.503746
7.507248
7.510715
7.515905
7.519417
7.52459
7.528038
7.531487
7.536649
7.540093
7.54523
7.548676
7.553806
7.557222
7.562333
7.565749
7.570837
7.574234
7.579317
7.582694
7.587761
7.591129
7.596179
7.599532
7.604568
7.607915
7.61293
7.617932
7.621264
7.626251
7.629568
7.634539
7.637847
7.642801
7.646099
7.651037
7.654322
7.659244
7.662519
7.667423
7.670688
7.675576
7.67883
7.683702
7.686944
7.691801
7.695033
7.699873
7.703094
7.707919
7.712733
7.715937
7.720736
7.723929
7.728713
7.731895
7.736662
7.739835
7.744586
7.747748
7.752483
7.755635
7.760355
7.763496
7.768201
7.771332
7.77602
7.779141
7.783814
7.786925
7.791583
7.794683
7.799325
7.803959
7.807043
7.811661
7.814734
7.819338
7.822402
7.826989
7.830043
7.834616
7.837659
7.842217
7.84525
7.849793
7.852817
7.857345
7.860358
7.864872
7.867876
7.872374
7.875368
7.879851
7.882836
7.887304
7.890279
7.894733
7.897698
7.902138
7.905093
7.909518
7.912464
7.916874
7.91981
7.924206
7.927132
7.931514
7.934432
7.938799
7.941706
7.94606
7.948957
7.953296
7.956185
7.96051
7.964827
7.9677
7.972003
7.974866
7.979155
7.98201
7.986284
7.98913
7.993391
7.996226
8.000473
8.0033
8.007534
8.010351
8.01457
8.017379
8.021585
8.024384
8.028576
8.031366
8.035544
8.038326
8.042491
8.045263
8.049415
8.052178
8.056315
8.059071
8.063194
8.06594
8.070051
8.072788
8.076886
8.080976
8.083698
8.087776
8.090488
8.094553
8.097258
8.101309
8.104004
8.108042
8.110729
8.114754
8.117432
8.121444
8.124114
8.128113
8.130774
8.13476
8.137413
8.141385
8.14403
8.147989
8.151942
8.154572
8.158513
8.161135
8.165062
8.167676
8.17159
8.174195
8.178098
8.180695
8.184584
8.187172
8.19105
8.193629
8.197495
8.200066
8.203918
8.207763
8.210321
8.214153
8.216704
8.220525
8.223067
8.226874
8.229409
8.233205
8.235731
8.239514
8.242033
8.245804
8.248314
8.252073
8.254575
8.258323
8.260817
8.264552
8.267038
8.270761
8.273239
8.276951
8.279421
8.28312
8.285583
8.28927
8.292951
8.295402
8.29907
8.301512
8.305169
8.307604
8.311249
8.313676
8.317309
8.319729
8.323351
8.325762
8.329372
8.331776
8.335375
8.33777
8.341359
8.343746
8.347323
8.350893
8.35327
8.356828
8.359196
8.362742
8.365104
8.368639
8.370993
8.374517
8.376863
8.380376
8.382715
8.386217
8.388548
8.392039
8.394363
8.397842
8.400159
8.403627
8.405937
8.409394
8.411696
8.415144
8.417438
8.420874
8.423161
8.426586
8.428866
8.432281
8.434553
8.437957
8.440222
8.443615
8.445873
8.449255
