8
513
1061
1647
2303
2804
3335
3836
4391
4904
5405
5906
6408
6910
7412
7913
8414
8916
9418
9919
10421
10922
11422
11924
12425
12947
13447
13949
14453
14954
15456
15957
16458
16960
17462
17964
18465
18973
19474
19975
20477
20978
21479
21980
22485
22986
23492
23993
24495
24996
25497
25998
26499
27014
27516
28017
28520
29022
29524
30025
30528
31029
31530
32031
32532
33033
33534
34044
34545
35046
35547
36048
36553
37055
37558
38058
38560
39061
39562
40064
40565
41066
41567
42070
42572
43073
43573
44075
44576
45077
45579
46080
46581
47083
47585
48089
48590
49091
49591
50094
50595
51103
51605
52105
52607
53108
53610
54111
54613
55115
55616
56121
56621
57122
57623
58134
58635
59136
59641
60142
60643
61144
61646
62147
62648
63150
63652
64154
64655
65156
65657
66158
66659
67184
67686
68189
68691
69192
69698
70199
70704
71205
71706
72208
72709
73211
73712
74213
74714
75217
75718
76220
76724
77224
77725
78226
78735
79242
79743
80243
80746
81248
81750
82252
82753
83254
83756
84274
84775
85276
85779
86280
86781
87283
87784
88286
88786
89288
89790
90291
90792
91294
91795
92298
92800
93301
93803
94310
94812
95312
95813
96315
96817
97318
97820
98320
98822
99323
99841
100342
100843
101344
101845
102346
102847
103349
103854
104356
104857
105358
105860
106362
106867
107369
107871
108372
108873
109374
109887
110388
110889
111391
111893
112394
112895
113397
113898
114400
114901
115405
115906
116407
116910
117411
117916
118417
118919
119420
119921
120423
120938
121439
121940
122441
122943
123445
123946
124450
124951
125453
125953
126461
126962
127479
127980
128482
128990
129520
130020
130522
131030
131586
132266
132983
133563
134253
134978
135765
136579
137385
138049
138721
139616
140261
140874
141393
142020
142627
143263
143940
144474
145051
145579
146087
146589
147143
147647
148327
148965
149538
150039
150540
151042
151570
152072
152572
153074
153575
154076
154577
155081
155581
156083
156584
157085
157586
158087
158589
159090
159592
160093
160594
161095
161597
162099
162600
163101
163602
164104
164605
165106
165607
166109
166610
167111
167611
168113
168617
169122
169622
170124
170627
171128
171630
172133
172637
173138
173639
174140
174641
175142
175646
176146
176647
177149
177651
178153
178655
179155
179656
180158
180660
181161
181661
182163
182664
183167
183668
184170
184671
185172
185673
186174
186675
187184
187685
188186
188686
189189
189689
190191
190692
191194
191695
192207
192709
193210
193712
194213
194714
195218
195720
196220
196721
197222
197723
198224
198725
199227
199729
200230
200731
201232
201732
202234
202735
203237
203738
204239
204740
205242
205743
206245
206746
207248
207748
208268
208770
209272
209773
210274
210777
211277
211779
212280
212781
213282
213785
214286
214787
215288
215789
216290
216791
217292
217794
218296
218796
219298
219799
220300
220801
221309
221811
222312
222813
223315
223818
224319
224821
225322
225823
226325
226827
227328
227830
228331
228834
229335
229839
230340
230842
231345
231847
232349
232850
233351
233853
234354
234855
235363
235863
236365
236866
237367
237869
238371
238872
239373
239873
240374
240876
241377
241878
242379
242884
243384
243886
244387
244888
245389
245890
246392
246894
247396
247897
248399
248899
249400
249901
250425
250927
251427
251928
252430
252932
253433
253934
254436
254963
255465
255967
256468
256969
257470
257971
258472
258973
259475
259976
260477
260978
261480
261981
262493
262993
263494
263995
264497
264998
265501
266004
266505
267006
267507
268008
268509
269012
269513
270019
270520
271022
271524
272025
272526
273027
273528
274028
274530
275032
275546
276046
276548
277049
277550
278050
278551
279053
279553
280055
280556
281058
281559
282062
282563
283064
283565
284067
284568
285070
285571
286073
286574
287093
287594
288096
288601
289102
289604
290105
290606
291107
291608
292109
292613
293114
293620
294121
294624
295125
295627
296129
296630
297132
297635
298136
298637
299161
299661
