17
520
1021
1530
2031
2558
3060
3570
4072
4572
5075
5575
6076
6581
7083
7584
8088
8589
9090
9592
10092
10593
11113
11614
12115
12631
13132
13633
14135
14636
15137
15639
16140
16641
17143
17644
18145
18646
19147
19652
20153
20654
21157
21659
22161
22672
23174
23674
24176
24677
25179
25681
26183
26684
27186
27687
28189
28692
29194
29695
30198
30699
31200
31701
32201
32702
33204
33705
34210
34711
35212
35715
36217
36718
37218
37719
38221
38730
39232
39742
40254
40755
41256
41762
42263
42764
43274
43775
44276
44799
45301
45802
46305
46806
47307
47809
48310
48812
49313
49815
50316
50818
51319
51820
52321
52822
53325
53825
54326
54833
55334
55835
56336
56836
57338
57840
58340
58842
59348
59849
60351
60851
61353
61853
62354
62855
63355
63856
64358
64859
65361
65862
66363
66864
67366
67867
68368
68869
69370
69882
70384
70885
71386
71887
72399
72900
73401
73902
74403
74905
75405
75907
76412
76913
77417
77917
78424
78925
79456
79957
80459
80961
81463
81965
82466
82967
83467
83969
84470
84971
85473
85974
86474
86975
87476
87979
88480
88982
89483
89985
90486
90989
91490
91991
92493
92994
93495
93996
94498
94999
95502
96003
96504
97006
97509
98009
98510
99011
99521
100023
100524
101025
101526
102027
102528
103031
103532
104033
104534
105036
105536
106039
106541
107042
107545
108046
108548
109049
109588
110089
110608
111109
111610
112112
112613
113114
113615
114115
114617
115118
115620
116120
116621
117123
117624
118126
118629
119130
119636
120139
120640
121142
121644
122145
122647
123148
123651
124152
124656
125157
125659
126160
126663
127165
127666
128167
128668
129169
129669
130172
130672
131174
131675
132176
132676
133178
133679
134180
134682
135184
135684
136186
136688
137190
137703
138204
138707
139207
139715
140216
140717
141217
141719
142223
142724
143225
143726
144228
144729
145230
145732
146233
146734
147235
147737
148239
148741
149242
149743
150244
150746
151247
151748
152250
152751
153253
153754
154255
154755
155257
155758
156260
156761
157263
157764
158266
158767
159270
159771
160272
160773
161273
161775
162276
162778
163280
163781
164282
164784
165287
165789
166290
166794
167297
167798
168380
168882
169420
169922
170423
170924
171425
171927
172429
172930
173433
173933
174436
174936
175438
175938
176439
176940
177441
177943
178451
178953
179455
179955
180457
180958
181459
181961
182462
182963
183464
183965
184466
184968
185469
185970
186472
186974
187475
187977
188478
188980
189480
189982
190483
190985
191487
191988
192489
192990
193490
193992
194493
194994
195495
195996
196498
196998
197499
198000
198502
199003
199504
200005
200507
201008
201513
202014
202518
203019
203520
204021
204523
205024
205525
206026
206527
207029
207529
208030
208531
209032
209533
210035
210536
211038
211539
212041
212542
213043
213544
214045
214546
215047
215549
216050
216551
217052
217553
218054
218555
219056
219557
220059
220559
221060
221561
222066
222566
223069
223570
224071
224573
225074
225577
226079
226580
227081
227582
228084
228585
229087
229588
230088
230590
231091
231592
232093
232596
233097
233598
234099
234600
235101
235603
236104
236606
237107
237609
238109
238612
239113
239618
240119
240621
241123
241625
242126
242629
243131
243632
244134
244634
245137
245638
246140
246641
247142
247643
248144
248645
249146
249648
250155
250656
251157
251658
252159
252662
253163
253665
254166
254668
255169
255671
256172
256673
257173
257675
258176
258677
259178
259685
260186
260688
261189
261691
262192
262693
263195
263696
264198
264699
265200
265701
266203
266704
267206
267706
268207
268708
269210
269712
270214
270715
271216
271717
272225
272726
273227
273730
274231
274733
275234
275735
276236
276738
277239
277740
278241
278742
279243
279749
280249
280751
281252
281754
282255
282757
283257
283758
284259
284760
285261
285762
286264
286765
287266
287767
288269
288770
289271
289772
290273
290774
291278
291779
292281
292782
293284
293785
294286
294788
295290
295790
296292
296794
297295
297795
298296
298797
299299
299800
