0
0
0
0
0
0
0
0
0
1.247887E-08
0.002985769
0.09824918
0.03435801
0.1604021
0.2341385
0.1332718
0.1835377
0.2245786
0.2472965
0.2896726
0.3291227
0.3387266
0.422728
0.3846046
0.444628
0.416364
0.4742529
0.5253241
0.5251407
0.5476748
0.5994215
0.5816281
0.6253097
0.6449907
0.661221
0.691066
0.7118385
0.7345987
0.7394228
0.7579212
0.7934331
0.8078308
0.8398927
0.8672636
0.8894765
0.9172594
0.9260646
0.9378359
0.966666
0.9889078
1.016111
1.027997
1.036421
1.068923
1.09481
1.115966
1.14372
1.175311
1.194665
1.224617
1.253533
1.273915
1.29312
1.32203
1.342806
1.371631
1.401611
1.421253
1.440812
1.470333
1.490208
1.519206
1.549336
1.569088
1.598678
1.628032
1.6578
1.677191
1.706972
1.73642
1.756335
1.78577
1.815397
1.835059
1.864582
1.884337
1.903989
1.933615
1.953244
1.982862
2.012375
2.032141
2.041976
2.061668
2.091272
2.120778
2.15037
2.170083
2.199653
2.219308
2.239059
2.2489
2.27845
2.298177
2.32773
2.347438
2.377007
2.396701
2.416419
2.445978
2.475544
2.505102
2.52481
2.554367
2.583933
2.603634
2.633198
2.662758
2.682471
2.712027
2.74159
2.77115
2.790856
2.820417
2.84998
2.879541
2.899249
2.928809
2.958371
2.978078
3.00764
3.037201
3.056908
3.086469
3.11603
3.135738
3.1653
3.19486
3.214568
3.234276
3.263837
3.283545
3.313105
3.332813
3.362374
3.382082
3.411643
3.43135
3.441204
3.460911
3.480619
3.51018
3.529887
3.559449
3.58901
3.608717
3.638278
3.657986
3.677694
3.707255
3.726962
3.756523
3.786085
3.805792
3.835353
3.864914
3.894476
3.914183
3.943744
3.973305
3.993013
4.022574
4.042282
4.071843
4.09155
4.121112
4.140819
4.17038
4.199942
4.219649
4.24921
4.268918
4.298479
4.318186
4.347748
4.367455
4.397016
4.426578
4.446285
4.475846
4.495553
4.525115
4.544822
4.574384
4.603944
4.623652
4.653214
4.672921
4.702482
4.722189
4.75175
4.781312
4.801019
4.83058
4.850288
4.879849
4.899557
4.929118
4.958679
4.978386
5.007948
5.027656
5.057216
5.076924
5.106485
5.126193
5.155754
5.175461
5.205022
5.234584
5.254292
5.283852
5.30356
5.333121
5.352829
5.38239
5.402097
5.431658
5.46122
5.480927
5.510488
5.530196
5.559757
5.579464
5.609025
5.628733
5.658294
5.687856
5.707562
5.737124
5.756832
5.786393
5.8061
5.835661
5.855369
5.88493
5.914492
5.934198
5.96376
5.983468
6.013029
6.032736
6.062297
6.082005
6.111566
6.141128
6.160834
6.190396
6.210103
6.239665
6.259372
6.288933
6.308641
6.338202
6.367764
6.38747
6.417032
6.436739
6.4663
6.486008
6.515569
6.535277
6.564837
6.584545
6.614106
6.643668
6.663375
6.692936
6.712644
6.742205
6.761913
6.791473
6.811181
6.840742
6.86045
6.890011
6.919572
6.93928
6.968841
6.988548
7.018109
7.037817
7.067378
7.087086
7.116647
7.14597
7.136254
7.082651
7.113109
7.01241
7.162642
7.122774
7.11793
7.117079
7.111793
7.067361
7.100221
7.106457
7.141222
7.114297
7.080043
7.119968
7.09027
7.093286
7.109841
7.121325
7.108348
7.088418
7.111994
7.094178
7.105036
7.098874
7.102551
7.099607
7.100511
7.103783
7.101703
7.104302
7.094687
7.101574
7.100065
7.102419
7.103858
7.103824
7.101284
7.102399
7.102459
7.1011
7.10389
7.10263
7.104916
7.103302
7.103159
7.102897
7.10395
7.103803
7.103697
7.104471
7.104169
7.10477
7.103955
7.10454
7.104355
7.104779
7.104617
7.105355
7.105068
7.10506
7.105014
7.105364
7.105526
7.105844
7.105712
7.105923
7.10588
7.10603
7.106177
7.106281
7.106451
7.106493
7.106627
7.106711
7.106863
7.106907
7.107076
7.107136
7.107265
7.107384
7.107463
7.107586
7.107687
7.107799
7.107864
7.108006
7.108098
7.108233
7.108297
7.108427
7.108508
7.108629
7.108743
7.108843
7.108953
7.109029
7.109154
7.109232
7.109361
7.109435
7.109561
7.10968
7.109758
7.109876
7.109961
7.11008
7.110161
7.11028
7.110357
7.110476
7.110595
7.110674
7.110792
7.110872
7.11099
7.111068
7.111185
7.111264
7.111381
7.111497
7.111574
7.111692
7.111769
7.111886
7.111962
7.112078
7.112193
7.112269
7.112384
7.112461
7.112576
7.112652
7.112766
7.112842
7.112956
7.11307
7.113145
7.113258
7.113333
7.113446
7.113521
7.113633
7.113708
7.11382
7.113932
7.114006
7.114118
7.114192
7.114303
7.114377
7.114487
7.114597
7.114671
7.114781
7.114854
7.114964
7.115037
7.115146
7.115255
7.115327
7.115436
7.115508
7.115617
7.115688
7.115796
7.115869
7.115975
7.116047
7.116155
7.116261
7.116333
7.116439
7.116509
7.116616
7.116687
7.116793
7.116863
7.116969
7.117038
7.117109
7.117178
7.117249
7.117319
7.117388
7.117457
7.117493
7.117527
7.117631
7.117701
7.11777
7.117873
7.117942
7.118045
7.118148
7.118217
7.11832
7.118422
7.11849
7.118592
7.11866
7.118762
7.11883
7.118931
7.119032
7.1191
7.1192
7.119301
7.119368
7.119469
7.119568
7.119668
7.119768
7.119867
7.119966
7.120066
7.120164
7.12023
7.120328
7.120427
7.120524
7.120623
7.120688
7.120786
7.120883
7.12098
7.121077
7.121141
7.121238
7.121303
7.121398
7.121463
7.121559
7.121654
7.121718
7.121782
7.121877
7.121972
7.122035
7.12213
7.122193
7.122288
7.12235
7.122476
7.122538
7.122632
7.122694
7.122788
7.12285
7.122943
7.123005
7.123098
7.123159
7.123252
7.123313
7.123375
7.123466
7.123528
7.123589
7.123651
7.123681
7.123711
7.123802
7.123833
7.123924
7.123985
7.124045
7.124105
7.124166
7.124256
7.124316
7.124406
7.124496
7.124556
7.124616
7.124705
7.124764
7.124824
7.124884
7.124943
7.125031
7.12512
7.125237
7.125326
7.125385
7.125443
7.125531
