70
276
481
685
892
1109
1315
1586
1851
2087
2335
2575
2789
2996
3202
3423
3708
3914
4118
4322
4527
4732
4937
5141
5345
5550
5754
5961
6166
6371
6577
6787
6993
7197
7401
7606
7810
8015
8219
8423
8627
8832
9036
9249
9454
9658
9862
10073
10279
10483
10687
10893
11096
11305
11510
11713
11918
12123
12329
12536
12742
12948
13153
13359
13563
13768
13973
14177
14383
14591
14795
15000
15204
15409
15615
15819
16025
16229
16433
16638
16842
17047
17252
17455
17659
17863
18069
18275
18479
18684
18888
19096
19300
19506
19711
19915
20121
20326
20531
20737
20941
21146
21352
21562
21765
21971
22177
22382
22586
22791
22994
23202
23407
23612
23821
24026
24230
24438
24644
24848
25055
25261
25465
25669
25873
26086
26290
26495
26704
26908
27114
27319
27523
27730
27934
28138
28344
28550
28756
28961
29167
29372
29578
29784
29988
30193
30397
30602
30805
31009
31215
31428
31632
31836
32042
32263
32470
32674
32880
33095
33305
33512
33720
33924
34128
34333
34538
34752
34955
35160
35372
35578
35782
35987
36192
36398
36602
36807
37012
37219
37425
37629
37835
38039
38243
38449
38653
38857
39062
39267
39472
39675
39879
40084
40289
40499
40703
40909
41116
41319
41523
41730
41934
42139
42344
42548
42753
42961
43167
43379
43585
43789
43994
44199
44404
44611
44816
45022
45227
45432
45636
45842
46048
46252
46459
46664
46870
47078
47285
47489
47694
47898
48104
48310
48515
48720
48925
49137
49342
49548
49753
49964
50168
50372
50578
50787
50997
51202
51406
51612
51818
52022
52230
52440
52644
52848
53054
53260
53465
53668
53875
54080
54284
54489
54693
54906
55111
55315
55519
55726
55930
56135
56338
56543
56748
56951
57156
57361
57565
57770
57975
58179
58382
58587
58793
58997
59202
59407
59611
59816
60020
60229
60434
60639
60845
61050
61257
61461
61665
61869
62074
62280
62485
62690
62894
63099
63305
63509
63713
63918
64126
64331
64537
64742
64948
65152
65357
65563
65777
65983
66189
66393
66598
66803
67009
67212
67417
67623
67828
68032
68236
68440
68645
68849
69053
69257
69464
69669
69873
70078
70281
70486
70692
70896
71099
71303
71507
71712
71918
72123
72328
72534
72740
72946
73150
73356
73561
73765
73969
74178
74383
74586
74791
75005
75209
75415
75623
75828
76035
76239
76444
76649
76854
77061
77266
77470
77675
77880
78086
78290
78494
78698
78902
79107
79312
79517
79726
79967
80182
80409
80637
80852
81059
81297
81512
81719
81925
82132
82972
83545
84371
85386
85689
85902
86106
86312
86518
86724
86931
87135
87342
87548
87752
87956
88162
88398
88615
88823
89027
89232
89483
89711
89932
90136
90341
90551
90756
90959
91164
91369
91575
91781
91986
92191
92395
92599
92805
93009
93214
93420
93628
93834
94039
94245
94450
94658
94862
95068
95272
95480
95686
95889
96097
96303
96513
96718
96923
97137
97343
97549
97753
97957
98163
98369
98575
98781
98994
99199
99403
99608
99813
100025
100229
100435
100639
100844
101048
101253
101457
101664
101871
102076
102280
102484
102688
102899
103103
103309
103515
103720
103926
104136
104340
104545
104749
104972
105177
105381
105587
105793
105998
106202
106409
106615
106838
107045
107250
107455
107660
107913
108122
108409
108619
108926
109135
109341
109545
109750
109955
110159
110363
110568
110775
110989
111192
111396
111601
111806
112010
112215
112419
112624
112830
113037
113240
113444
113650
113855
114059
114264
114467
114673
114877
115083
115287
115493
115698
115903
116109
116314
116519
116723
116929
117133
117338
117544
117748
117953
118158
118362
118568
118774
118978
119182
119388
119591
119796
120001
120207
120418
120623
120828
121033
121238
121442
121649
121855
122060
122263
122466
122671
122881
123086
123290
123495
123700
123910
124115
124320
124525
124730
124936
125140
125345
125552
125758
125963
126166
126372
126577
126782
126987
127192
127396
127602
127822
128026
128231
128434
128640
128845
129050
129256
129464
129668
129873
130077
130282
130486
130691
130895
131099
131304
131509
131719
131924
132128
132332
132537
132740
132945
133150
133354
133571
133776
133981
134186
134390
134596
134802
135006
135211
135416
135622
135825
136029
136235
136439
136643
136847
137052
137257
137461
137665
137869
138073
138281
138485
138691
138895
139100
139306
139510
139716
139920
140139
140345
140549
140753
140958
141163
141369
141573
141778
141982
142186
142391
142597
142801
143006
143225
143429
143634
143838
144042
144245
144450
144655
144861
145065
145270
145474
145678
145885
146092
146298
146502
146708
146911
147118
147325
147530
147733
147937
148143
148349
148555
148760
148965
149170
149376
149580
149785
149991
150196
150402
150605
150809
151013
151219
151423
151628
151834
152038
152243
152448
152652
152859
153064
153270
153475
153680
153885
154090
154295
154501
154705
154910
155117
155321
155526
155730
155936
156140
156346
156550
156754
156958
157171
157384
157589
157795
158038
158429
159141
160560
161125
161346
161552
161792
162046
162283
162573
162782
162985
163189
163394
163613
163816
164020
164226
164430
164635
164838
165045
165251
165456
165668
165872
166076
166280
166487
166691
166895
167100
167307
167510
167714
167920
168127
168333
168538
168742
168946
169150
169355
169558
169764
169971
170176
170380
170586
170791
170996
171201
171406
171615
171821
172026
172231
172436
172641
172845
173051
173256
173460
173667
173873
174079
174283
174488
174693
174898
175101
175307
175512
175717
175921
176127
176342
176545
176751
176956
177164
177369
177574
177779
177982
178186
178391
178596
178801
179007
179211
179421
179627
179831
180036
180248
180453
180656
180862
181067
181271
181476
181680
181885
182089
182295
182499
182705
182910
183117
183322
183527
183731
183936
184141
184345
184550
184756
184961
185164
185370
185575
185783
185988
186193
186401
186605
186810
187016
187221
187425
187629
187835
188039
188243
188447
188650
188855
189061
189265
189470
189675
189886
190091
190296
190502
190706
190912
191117
191322
191527
191731
191936
192142
192347
192553
192757
192962
193167
193372
193577
193785
193999
194211
194415
194619
194824
195029
195233
195438
195645
195851
196055
196259
196465
196672
196878
197084
197312
197517
197721
197927
198132
198337
198541
198746
198952
199156
199372
199577
199782
199989
200194
200398
200603
200808
201012
201218
201422
201628
201833
202037
202243
202448
202655
202863
203067
203271
203478
203688
203894
204097
204303
204508
204714
204919
205123
205328
205533
205738
205942
206148
206353
206558
206764
206968
207178
207386
207591
207796
208001
208206
208411
208617
208824
209028
209232
209436
209641
209848
210053
210259
210463
210667
210880
211084
211290
211497
211701
211907
212112
212318
212522
212726
212931
213137
213341
213546
213751
213956
214160
214364
214568
214772
214977
215180
215386
215591
215795
215999
216204
216419
216623
216827
217034
217239
217443
217649
217854
218067
218270
218475
218687
218892
219098
219303
219507
219711
219916
220121
220325
220530
220737
220940
221143
221347
221553
221758
221964
222168
222371
222575
222780
222984
223188
223394
223605
223809
224013
224219
224426
224631
224836
225042
225247
225452
225661
225877
226082
226287
226491
226697
226903
227107
227313
227519
227723
227927
228131
228336
228540
228745
228951
229155
229361
229565
229769
229981
230186
230392
230597
230801
231006
231212
231417
231622
231827
232031
232238
232442
232647
232850
233055
233260
233468
233672
233877
234083
234287
234492
234698
234904
235117
235322
235527
235732
235938
236141
236347
236551
236769
236974
237180
237385
237590
237794
237999
238205
238412
238616
238821
239026
239233
239437
239642
239849
