79
302
506
839
1178
1454
1684
1929
2329
2557
2816
3020
3241
3459
3663
3875
4079
4285
4496
4701
4904
5108
5312
5518
5723
5929
6137
6346
6551
6757
6963
7168
7375
7582
7787
7994
8198
8403
8609
8816
9020
9228
9431
9637
9845
10050
10254
10458
10673
10877
11085
11290
11494
11698
11904
12109
12313
12519
12724
12930
13134
13338
13543
13748
13954
14158
14363
14571
14775
14979
15186
15390
15597
15827
16031
16247
16460
16664
16871
17076
17279
17484
17691
17896
18102
18308
18512
18718
18923
19130
19336
19541
19749
19954
20158
20362
20567
20772
20976
21188
21392
21597
21803
22022
22226
22431
22637
22841
23047
23252
23458
23662
23878
24084
24289
24494
24699
24906
25110
25314
25525
25730
25934
26139
26344
26550
26756
27006
27224
27429
27632
27836
28040
28245
28454
28659
28863
29067
29273
29481
29684
29888
30093
30297
30501
30723
30940
31145
31350
31554
31759
31964
32169
32374
32579
32783
32989
33192
33397
33602
33807
34011
34218
34421
34626
34830
35034
35492
35697
35901
36109
36313
36518
36723
36929
37136
37340
37560
37765
37982
38189
38395
38600
38804
39045
39250
39454
39662
39866
40070
40274
40490
40695
40900
41105
41310
41515
41719
41925
42206
42411
42614
42819
43024
43228
43432
43641
43847
44052
44259
44464
44671
44876
45081
45285
45490
45697
45905
46109
46313
46520
46727
46931
47135
47339
47544
47750
47959
48163
48369
48575
48778
48983
49188
49393
49597
49801
50007
50212
50416
50621
50826
51030
51235
51440
51645
51854
52058
52262
52466
52673
52878
53082
53286
53491
53696
53901
54106
54309
54515
54722
54927
55131
55335
55540
55757
55961
56166
56370
56573
56778
56984
57191
57396
57612
57819
58024
58228
58433
58638
58842
59061
59266
59471
59674
59879
60087
60346
60550
60759
60966
61182
61387
61592
61796
62001
62209
62413
62619
62824
63029
63240
63444
63648
63852
64056
64260
64465
64672
64912
65116
65320
65524
65729
65934
66140
66345
66550
66753
66959
67165
67370
67575
67779
67983
68187
68392
68596
68800
69004
69208
69414
69618
69822
70026
70231
70438
70644
70848
71053
71259
71465
71674
71880
72109
72313
72519
72724
72934
73141
73344
73555
73761
73966
74178
74384
74590
74797
75002
75206
75411
75616
75821
76026
76231
76436
76642
76846
77051
77256
77460
77665
77869
78076
78282
78488
78692
78904
79108
79314
79523
79734
79940
80146
80351
80559
80764
80969
81174
81379
81582
81788
81994
82198
82402
82615
82821
83027
83232
83438
83643
83847
84056
84261
84464
84668
84875
85086
85291
85497
85716
85920
86136
86340
86544
86748
86955
87160
87443
87662
87958
88165
88369
88580
88785
88990
89200
89404
89610
89817
90022
90227
90434
90646
90855
91059
91263
91470
91674
91879
92084
92288
92493
92700
92905
93108
93315
93521
93727
93953
94159
94365
94590
94794
94998
95203
95407
95611
95819
96036
96242
96451
96655
96860
97065
97287
97494
97698
97902
98106
98312
98517
98720
98924
99133
99411
99615
99819
100114
100340
100653
100863
101077
101281
101485
101690
101894
102098
102303
102507
102712
102925
103129
103337
103542
103749
103954
104160
104365
104573
104818
105104
105337
105555
105761
106083
106427
106820
107077
107308
107523
107728
107933
108136
108341
108545
108748
108955
109159
109366
109570
109776
109990
110200
110406
110621
110826
111033
111239
111443
111648
111852
112055
112261
112465
112670
112874
113079
113284
113488
113694
113898
114104
114311
114516
114720
114926
115130
115333
115539
115745
115949
116154
116359
116576
116781
116985
117191
117395
117609
117814
118018
118222
118426
118630
118834
119039
119243
119447
119654
119860
120068
120272
120477
120683
120888
121092
121296
121500
121707
121912
122117
122322
122527
122744
122948
123153
123357
123563
123769
123973
124179
124385
124589
124793
124999
125205
125409
125617
125822
126029
126236
126441
126646
126852
127057
127263
127468
127673
127879
128083
128288
128513
128717
128920
129124
129329
129542
129746
129952
130157
130369
130573
130776
130982
131187
131392
131598
131804
132009
132215
132419
132623
132828
133033
133238
133452
133657
133866
134070
134274
134491
134696
134908
135113
135318
135522
135726
135930
136138
136345
136550
136755
136961
137167
137370
137574
137780
137985
138189
138394
138601
138807
139011
139216
139421
139625
139830
140034
140238
140443
140648
140852
141059
141263
141468
141672
141876
142080
142285
142490
142701
142904
143110
143314
143518
143722
143926
144130
144335
144540
144746
144949
145154
145357
145561
145766
145970
146173
146379
146584
146788
146992
147198
147402
147609
147812
148016
148220
148431
148635
148840
149044
149250
149454
149658
149863
150066
150271
150476
150681
150890
151095
151300
151506
151711
151919
152123
152327
152534
152739
152944
153149
153356
153559
153765
153970
154175
154378
154584
154790
155003
155208
155414
155619
155825
156028
156233
156439
156644
156849
157052
157258
157463
157668
157872
158077
158281
158486
158691
158896
159100
159306
159513
159718
159922
160126
160331
160538
160744
160951
161164
161376
161580
161788
161993
162196
162401
162606
162811
163015
163220
163425
163629
163834
164040
164246
164450
164656
164861
165069
165273
165477
165683
165887
166092
166297
166502
166708
166913
167116
167322
167530
167735
167939
168145
168350
168556
168761
168965
169168
169373
169578
169781
169986
170193
170399
170603
170808
171013
171219
171424
171629
171832
172038
172242
172450
172654
172859
173064
173270
173476
173682
173889
174094
174300
174505
174709
174921
175129
175334
175539
175746
175960
176164
176369
176576
176783
176988
177193
177403
177609
177813
178018
178222
178436
178641
178846
179050
179256
179460
179668
179873
180076
180280
180485
180689
180913
181118
181322
181526
181735
181940
182143
182347
182552
182758
182961
183166
183374
183580
183784
183989
184193
184405
184610
184814
185019
185224
185430
185636
185841
186080
186285
186490
186694
186898
187104
187310
187519
187725
187929
188134
188339
188542
188747
188952
189156
189361
189566
189772
189979
190185
190390
190599
190802
191021
191226
191431
191635
191843
192047
192254
192458
192662
192868
193075
193287
193492
193695
193900
194107
194311
194515
194718
194922
195127
195331
195544
195818
196027
196231
196437
196643
196849
197052
197257
197460
197664
197869
198080
198285
198488
198692
198897
199103
199315
199519
199724
199928
200134
200338
200544
200754
200960
201164
201374
201587
201793
201998
202202
202405
202609
202814
203019
203224
203428
203634
203842
204045
204249
204455
204661
204865
205071
205279
205482
205687
205891
206098
206302
206507
206713
206918
207124
207327
207534
207743
207950
208155
208383
208589
208793
208999
209204
209407
209612
209817
210024
210229
210434
210640
210845
211058
211262
211466
211672
211876
212082
212287
212492
212698
212903
213108
213314
213519
213723
213926
214132
214336
214543
214747
214952
215157
215363
215568
215772
215978
216184
216388
216592
216795
217000
217204
217407
217651
217856
218060
218264
218469
218691
218895
219100
219305
219511
219714
219919
220122
220327
220532
220738
220945
221150
221355
221560
221765
221971
222181
222388
222592
222797
223002
223205
223409
223615
223820
224025
224228
224433
224642
224847
225052
225255
225462
225671
225875
226081
226285
226491
226695
226899
227105
227312
227516
227721
227927
228133
228337
228543
228750
228956
229161
229365
229571
229778
229982
230187
230391
230597
230803
231007
231213
231418
231624
231830
232034
232238
232443
232649
232854
233058
233266
233470
233674
233879
234083
234288
234493
234699
234904
235109
235314
235519
235724
235929
236145
236349
236554
236758
236964
237170
237377
237597
237808
238012
238216
238420
238625
238830
239037
239244
239448
239653
239858
