10
217
427
632
841
1056
1282
1499
1712
1954
2165
2379
2586
2791
2996
3200
3403
3607
3811
4015
4220
4426
4630
4835
5046
5250
5455
5666
5870
6081
6286
6492
6697
6900
7106
7311
7516
7720
7929
8135
8342
8545
8751
8959
9163
9367
9572
9779
9983
10190
10395
10600
10805
11009
11214
11417
11622
11829
12034
12239
12444
12649
12854
13058
13262
13476
13680
13884
14089
14293
14497
14702
14906
15112
15316
15520
15726
15931
16139
16343
16546
16750
16954
17158
17363
17569
17774
17979
18183
18387
18591
18797
19001
19206
19410
19614
19819
20024
20229
20433
20638
20843
21049
21253
21457
21662
21872
22077
22287
22493
22698
22902
23173
23378
23593
23796
24003
24207
24412
24617
24821
25025
25242
25447
25656
25859
26063
26267
26472
26676
26881
27087
27292
27497
27703
27908
28113
28320
28525
28730
28936
29159
29375
29586
29793
29997
30210
30414
30619
30823
31034
31238
31444
31649
31853
32057
32261
32465
32669
32874
33078
33284
33488
33693
33898
34102
34306
34520
34723
34927
35132
35335
35540
35744
35952
36157
36363
36567
36772
36977
37184
37388
37594
37799
38008
38212
38417
38624
38830
39034
39237
39443
39647
39853
40058
40263
40468
40673
40880
41086
41291
41498
41703
41909
42113
42317
42521
42725
42932
43135
43340
43544
43752
43957
44162
44366
44571
44775
44979
45184
45390
45595
45805
46010
46219
46425
46630
46834
47038
47242
47448
47653
47857
48067
48279
48483
48688
48893
49097
49301
49505
49711
49916
50122
50325
50530
50734
50939
51150
51353
51558
51762
51967
52173
52377
52581
52792
52996
53204
53409
53616
53820
54023
54229
54433
54640
54845
55049
55255
55458
55663
55868
56072
56276
56483
56687
56893
57102
57308
57512
57719
57924
58128
58334
58539
58744
58950
59154
59357
59565
59768
59973
60181
60386
60589
60794
61001
61212
61417
61640
61846
62078
62285
62489
62699
62916
63126
63337
63542
63750
63956
64160
64365
64567
64773
64982
65195
65400
65604
65809
66025
66229
66435
66638
66843
67050
67254
67458
67662
67867
68074
68279
68487
68692
68899
69103
69308
69513
69717
69922
70126
70330
70534
70738
70943
71149
71355
71562
71768
71974
72185
72390
72603
72808
73015
73220
73431
73638
73843
74047
74251
74455
74660
74866
75071
75275
75478
75684
75888
76092
76297
76500
76708
76938
77142
77347
77552
77759
77971
78176
78380
78584
78800
79018
79235
79441
79669
79902
80370
81049
81454
81784
82059
82488
82755
83013
83316
83526
83736
83940
84145
84353
84579
84807
85019
85222
85428
85646
86026
86281
86490
86696
86901
87108
87312
87519
87903
88248
88486
88716
88923
89130
89335
89540
89746
89963
90202
90423
90705
90910
91119
91324
91532
91738
91951
92156
92367
92571
92775
92991
93201
93411
93616
93820
94056
94261
94465
94697
94920
95126
95337
95542
95750
95955
96161
96379
96584
96805
97017
97221
97458
97716
97926
98131
98337
98542
98747
98953
99156
99363
99567
99772
99977
100182
100386
100591
100797
101053
101266
101477
101682
101900
102104
102313
102518
102723
102926
103133
103359
103562
103768
103975
104240
104446
104675
104889
105101
105305
105508
105716
105923
106127
106332
106536
106744
106952
107157
107361
107566
107772
107977
108188
108421
108636
108841
109046
109295
109550
109763
110043
110252
110456
110663
110870
111075
111279
111567
111774
111979
112211
112416
112638
112842
113048
113253
113456
113660
113864
114067
114272
114479
114687
114890
115094
115299
115504
115709
115936
116142
116347
116552
116757
116974
117190
117398
117603
117816
118024
118229
118434
118640
118845
119053
119257
119464
119671
119882
120087
120292
120498
120705
120909
121116
121322
121526
121731
121936
122141
122347
122551
122756
122961
123167
123372
123577
123782
123987
124191
124408
124615
124820
125024
125229
125432
125636
125842
126049
126257
126462
126667
126873
127090
127295
127500
127705
127908
128113
128320
128524
128729
128939
129155
129359
129564
129768
129972
130178
130384
130595
130819
131025
131229
131436
131641
131849
132056
132262
132465
132669
132874
133081
133287
133490
133696
133899
134105
134309
134515
134719
134924
135129
135333
135537
135757
135967
136171
136376
136581
136785
136989
137194
137397
137602
137808
138012
138216
138421
138637
138844
139049
139279
139483
139688
139896
140100
140307
140793
141095
141302
141507
141711
141915
142120
142324
142529
142733
142938
143143
143347
143557
143762
143993
144345
144804
145030
145235
145440
145643
145850
146055
146261
146465
146671
146876
147085
147292
147499
147703
147918
148125
148330
148533
148738
148942
149146
149350
149553
149759
149966
150171
150375
150579
150783
150989
151201
151407
151660
151866
152069
152272
152477
152685
152890
153096
153302
153505
153710
153916
154119
154325
154530
154736
154939
155145
155350
155555
155760
155968
156173
156378
156582
156787
156993
157198
157403
157609
157822
158027
158231
158436
158640
158846
159051
159255
159460
159664
159869
160074
160280
160485
160690
160894
161097
161421
161626
161899
162105
162309
162516
162724
162928
163132
163338
163543
163752
163965
164179
164385
164589
164793
165004
165208
165412
165618
165822
166027
166232
166438
166643
166848
167052
167256
167460
167668
167872
168077
168282
168485
168693
168898
169203
169408
169612
169824
170030
170233
170436
170643
170847
171053
171257
171461
171665
171924
172138
172343
172549
172752
172957
173162
173366
173570
173775
173980
174185
174389
174595
174798
175003
175209
175414
175617
175821
176029
176235
176439
176643
176847
177053
177258
177463
177666
177872
178076
178281
178488
178692
178895
179100
179305
179521
179726
179933
180137
180342
180546
180751
180958
181161
181366
181570
181774
181978
182182
182389
182594
182798
183003
183212
183416
183621
183824
184028
184234
184439
184642
184845
185050
185254
185458
185664
185868
186073
186280
186484
186689
186893
187097
187303
187506
187711
187915
188119
188325
188529
188733
188937
189140
189350
189554
189758
189962
190165
190370
190575
190784
190989
191193
191429
191633
191836
192041
192245
192449
192653
192859
193067
193272
193486
193691
193895
194101
194306
194510
194714
194920
195147
195368
195572
195775
195979
196183
196388
196593
196798
197002
197209
197415
197619
197823
198028
198234
198438
198645
198849
199054
199265
199470
199674
199879
200085
200289
200493
200698
200902
201106
201312
201522
201726
201933
202138
202341
202551
202758
202963
203202
203517
203793
204106
204393
204642
204848
205052
205256
205460
205664
205872
206077
206282
206488
206693
206896
207103
207307
207511
207715
207919
208124
208331
208538
208743
208948
209154
209359
209566
209772
209978
210183
210386
210590
210800
211008
211222
211437
211655
211859
212064
212269
212474
212679
212884
213090
213300
213505
213709
213912
214118
214323
214527
214740
214945
215150
215366
215569
215774
215979
216185
216389
216595
216798
217002
217206
217411
217616
217820
218025
218233
218439
218656
218861
219065
219269
219474
219678
219883
220087
220292
220496
220700
220904
221109
221314
221519
221724
221928
222131
222339
222543
222749
222954
223157
223363
223568
223775
223981
224184
224388
224593
224797
225003
225208
225411
225618
225822
226027
226230
226435
226640
226844
227048
227253
227457
227662
227868
228073
228277
228480
228688
228893
229141
229353
229559
229766
229970
230176
230398
230603
230808
231013
231217
231421
231626
231830
232033
232239
232444
232658
232877
233084
233289
233495
233700
233915
234119
234324
234531
234735
234941
235146
235350
235554
235761
235964
236170
236374
236579
236784
236989
237194
237399
237605
237812
238049
238305
238510
238745
238949
239153
239357
239561
239770
239973
