128
340
581
842
1093
1391
1866
2082
2294
2500
2712
2922
3157
3363
3606
3828
4081
4291
4495
4726
4933
5143
5351
5567
5779
5985
6191
6401
6613
6819
7023
7238
7449
7654
7857
8062
8268
8476
8681
8922
9125
9331
9537
9792
9996
10201
10405
10611
10817
11023
11228
11434
11641
11846
12052
12259
12464
12668
12876
13081
13288
13495
13700
13904
14106
14311
14515
14721
14925
15130
15337
15539
15743
15949
16157
16363
16568
16775
16979
17184
17391
17595
17800
18006
18212
18416
18628
18831
19038
19245
19452
19660
19865
20077
20281
20484
20699
20908
21111
21317
21529
21735
21940
22147
22354
22562
22768
22973
23178
23390
23595
23799
24014
24221
24425
24630
24837
25049
25254
25462
25667
25872
26077
26282
26487
26701
26905
27111
27316
27519
27725
27930
28134
28339
28544
28749
28955
29167
29376
29580
29789
29993
30206
30410
30616
30821
31025
31230
31437
31644
31851
32058
32267
32481
32688
32893
33102
33309
33514
33719
33925
34129
34335
34541
34745
34950
35160
35365
35568
35777
35981
36185
36389
36592
36796
37001
37205
37410
37614
37818
38022
38230
38439
38643
38848
39055
39259
39463
39668
39873
40077
40283
40493
40698
40904
41112
41318
41526
41732
41937
42142
42345
42555
42761
42975
43180
43387
43594
43798
44008
44213
44420
44625
44831
45038
45244
45454
45659
45873
46079
46283
46491
46698
46905
47110
47316
47523
47729
47934
48141
48346
48551
48758
48962
49167
49374
49579
49784
49991
50196
50401
50608
50814
51021
51227
51431
51637
51844
52048
52253
52460
52664
52872
53079
53288
53497
53701
53905
54110
54315
54520
54726
54931
55136
55345
55549
55757
55961
56166
56370
56573
56779
56982
57187
57392
57599
57807
58012
58221
58430
58652
58862
59078
59284
59490
59694
59898
60109
60313
60515
60719
60924
61127
61332
61538
61744
61957
62162
62366
62581
62793
62998
63204
63411
63615
63819
64024
64227
64437
64641
64846
65050
65264
65467
65673
65887
66092
66296
66500
66706
66911
67115
67321
67525
67730
67938
68142
68346
68561
68795
68999
69204
69413
69625
69829
70036
70242
70449
70653
70861
71069
71273
71477
71684
71893
72102
72307
72510
72715
72919
73126
73343
73548
73755
73959
74164
74368
74572
74779
74983
75188
75393
75599
75803
76008
76214
76422
76626
76831
77039
77243
77447
77652
77861
78067
78270
78476
78681
78886
79092
79296
79505
79710
79919
80127
80338
80544
80751
80956
81160
81364
81579
81783
81987
82193
82398
82617
82825
83029
83235
83439
83642
83847
84055
84258
84462
84671
84907
85110
85314
85534
85747
85952
86163
86380
86585
86790
86996
87200
87406
87612
87819
88030
88234
88440
88646
88850
89058
89263
89467
89672
89876
90081
90287
90491
90697
90902
91107
91311
91514
91719
91926
92132
92338
92543
92746
92953
93162
93366
93577
93781
93987
94193
94396
94606
94811
95016
95223
95430
95638
95842
96046
96258
96463
96668
96873
97077
97282
97487
97692
97899
98105
98310
98515
98719
98934
99138
99347
99554
99758
99961
100168
100374
100580
100784
100995
101205
101410
101615
101821
102026
102230
102446
102650
102856
103074
103280
103484
103692
103898
104107
104312
104519
104733
104948
105156
105362
105568
105773
105976
106182
106388
106592
106796
107001
107210
107415
107622
107827
108032
108236
108441
108646
108873
109078
109283
109488
109694
109899
110104
110310
110514
110718
110927
111133
111340
111544
111750
111955
112161
112365
112569
112776
112980
113183
113389
113594
113798
114003
114207
114412
114617
114823
115028
115234
115442
115646
115854
116059
116265
116473
116680
116885
117091
117296
117501
117713
117917
118123
118329
118536
118744
118950
119156
119363
119573
119778
119983
120191
120405
120609
120814
121026
121233
121439
121643
121848
122071
122275
122480
122690
122903
123106
123311
123516
123726
123930
124136
124344
124548
124757
124962
125167
125381
125591
125795
126000
126217
126421
126626
126831
127036
127242
127447
127658
127872
128076
128280
128484
128691
128896
129102
129306
129510
129715
129925
130130
130336
130541
130745
130948
131157
131364
131575
131781
131987
132192
132396
132600
132806
133015
133219
133425
133629
133834
134040
134245
134449
134656
134862
135066
135270
135477
135682
135888
136093
136296
136500
136707
136911
137115
137321
137527
137734
137943
138150
138359
138564
138769
138974
139179
139411
139617
139820
140024
140230
140434
140653
140858
141063
141267
141471
141676
141880
142084
142295
142501
142708
142911
143116
143326
143530
143737
143945
144149
144354
144560
144765
144969
145173
145378
145583
145789
145994
146200
146407
146615
146821
147044
147249
147456
147660
147863
148066
148273
148477
148683
148888
149092
149299
149505
149715
149921
150126
150331
150537
150757
150960
151165
151393
151600
151804
152009
152212
152417
152623
152827
153032
153238
153441
153644
153855
154064
154268
154473
154677
154896
155109
155313
155522
155727
155932
156138
156348
156555
156761
156969
157174
157379
157584
157799
158005
158209
158413
158619
158823
159028
159233
159442
159647
159854
160059
160268
160487
160692
160898
161109
161313
161517
161723
161926
162132
162340
162544
162747
162957
163162
163367
163573
163782
163987
164192
164396
164605
164810
165016
165222
165437
165642
165846
166052
166258
166463
166667
166883
167096
167300
167510
167716
167923
168127
168332
168539
168744
168954
169180
169387
169591
169808
170014
170220
170425
170631
170840
171048
171252
171458
171663
171867
172072
172277
172482
172686
172893
173099
173304
173510
173715
173920
174124
174328
174533
174737
174943
175148
175357
175560
175765
175972
176176
176379
176583
176793
177000
177205
177409
177615
177820
178026
178236
178442
178647
178853
179058
179264
179468
179673
179877
180080
180284
180493
180697
180902
181107
181313
181519
181725
181930
182139
182342
182549
182762
182969
183174
183378
183587
183793
183998
184208
184413
184619
184823
185040
185248
185461
185666
185872
186077
186295
186498
186701
186909
187113
187317
187524
187730
187934
188173
188379
188583
188795
189002
189223
189435
189641
189848
190057
190262
190468
190681
190886
191090
191295
191508
191712
191916
192120
192331
192536
192739
192943
193148
193366
193575
193779
193985
194191
194396
194600
194826
195032
195246
195452
195658
195863
196067
196280
196484
196687
196891
197097
197303
197507
197712
197916
198120
198325
198530
198735
198940
199143
199353
199558
199762
199967
200186
200391
200595
200799
201010
201225
201429
201633
201839
202051
202255
202461
202666
202874
203079
203284
203494
203703
203907
204115
204329
204534
204739
204943
205149
205360
205564
205769
205986
206191
206395
206599
206803
207024
207228
207432
207637
207861
208065
208271
208477
208684
208890
209095
209301
209504
209707
209913
210117
210323
210527
210733
210940
211150
211357
211562
211767
211978
212182
212388
212593
212804
213010
213214
213426
213632
213834
214040
214246
214449
214653
214856
215062
215267
215472
215677
215882
216100
216304
216511
216720
216927
217132
217340
217545
217754
217959
218163
218373
218580
218785
218989
219196
219402
219607
219813
220017
220226
220431
220640
220844
221084
221290
221494
221699
221909
222115
222320
222526
222735
222940
223145
223349
223567
223772
223978
224183
224393
224604
224811
225041
225245
225449
225657
225865
226080
226286
226491
226700
226921
227130
227336
227547
227754
227959
228169
228374
228579
228785
229005
229212
229421
229626
229832
230039
230243
230448
230658
230862
231066
231272
231477
231683
231887
232094
232314
232517
232725
232929
233133
233338
233543
233749
233955
234159
234365
234572
234775
234979
235186
235396
235603
235809
236015
236238
236446
236651
236858
237062
237268
237473
237680
237884
238089
238299
238512
238719
238923
239128
239333
239538
239743
239948
