52
257
467
671
877
1086
1291
1504
1718
1928
2206
2412
2620
2828
3042
3247
3461
3665
3871
4075
4278
4486
4690
4899
5104
5309
5515
5720
5925
6129
6333
6539
6745
6961
7168
7372
7579
7784
7988
8194
8399
8604
8809
9032
9237
9441
9649
9854
10060
10264
10468
10673
10877
11081
11287
11492
11697
11902
12106
12310
12516
12721
12927
13130
13336
13541
13745
13951
14154
14358
14562
14767
14973
15179
15388
15593
15798
16003
16210
16416
16619
16822
17028
17233
17438
17644
17850
18070
18277
18482
18687
18894
19099
19306
19511
19718
19922
20127
20330
20536
20741
20948
21153
21368
21574
21779
21985
22189
22408
22612
22816
23021
23227
23432
23639
23844
24049
24254
24460
24665
24869
25073
25277
25492
25698
25901
26106
26311
26517
26721
26926
27129
27334
27540
27745
27948
28154
28357
28561
28766
28971
29177
29382
29588
29792
29998
30202
30406
30612
30814
31020
31224
31428
31631
31836
32049
32252
32459
32667
32872
33076
33281
33488
33692
33897
34103
34307
34512
34717
34922
35127
35331
35537
35741
35966
36172
36375
36579
36798
37038
37259
37463
37668
37886
38285
38507
38765
38975
39347
39761
40011
40221
40425
40629
40834
41047
41252
41472
41708
41917
42472
43284
44764
45481
46142
46652
47288
47778
48099
48328
48562
48825
49094
49307
49534
49746
49967
50172
50376
50586
50815
51020
51270
51484
51704
51912
52154
52372
52600
52856
53063
53298
53503
53707
53912
54131
54337
54544
54769
55007
55222
55460
55710
55917
56122
56326
56530
56735
56940
57145
57351
57558
57762
57967
58171
58376
58581
58786
58990
59194
59400
59604
59809
60028
60232
60438
60642
60850
61054
61258
61464
61669
61874
62078
62284
62489
62708
62914
63120
63325
63530
63734
63938
64143
64349
64554
64758
64966
65171
65377
65591
65812
66016
66221
66426
66630
66835
67045
67250
67455
67660
67866
68071
68276
68481
68685
68893
69098
69302
69507
69721
69925
70130
70335
70541
70745
70949
71153
71359
71563
71766
71971
72175
72380
72584
72788
72994
73198
73402
73608
73813
74017
74223
74427
74631
74837
75042
75246
75450
75658
75863
76070
76273
76478
76683
76888
77094
77298
77503
77706
77911
78116
78325
78531
78735
78940
79143
79347
79552
79758
79963
80166
80371
80579
80784
80991
81196
81402
81611
81815
82018
82318
82567
82772
82975
83183
83386
83591
83796
84025
84230
84436
84641
84845
85051
85257
85460
85684
85891
86097
86303
86508
86753
86956
87160
87366
87578
87782
87987
88195
88401
88605
88809
89015
89218
89424
89629
89834
90040
90244
90449
90655
90859
91063
91268
91473
91677
91882
92087
92292
92498
92702
92907
93114
93324
93527
93732
93937
94142
94346
94551
94757
94965
95170
95375
95580
95785
95990
96195
96399
96605
96812
97016
97220
97424
97629
97833
98037
98242
98446
98649
98855
99061
99268
99474
99677
99884
100090
100295
100504
100708
100913
101118
101322
101528
101737
101942
102146
102351
102555
102760
102964
103190
103398
103603
103807
104012
104217
104421
104624
104831
105052
105258
105468
105687
105903
106108
106312
106523
106729
106933
107138
107346
107552
107760
107965
108170
108376
108581
108804
109007
109211
109417
109624
109831
110036
110242
110453
110657
110862
111068
111276
111480
111686
111893
112097
112302
112507
112713
112917
113123
113332
113538
113742
113947
114151
114356
114560
114764
114970
115180
115385
115591
115796
116000
116206
116410
116616
116821
117025
117230
117434
117644
117847
118052
118258
118463
118669
118874
119077
119281
119486
119692
119897
120102
120309
120513
120718
120923
121127
121332
121537
121743
121948
122154
122359
122576
122781
122986
123191
123395
123600
123805
124022
124226
124431
124636
124841
125046
125250
125455
125660
125867
126070
126275
126483
126687
126892
127097
127303
127521
127724
127929
128137
128343
128548
128751
128962
129167
129372
129576
129781
129986
130189
130395
130600
130805
131010
131215
131420
131623
131828
132033
132238
132442
132647
132852
133057
133261
133466
133671
133874
134082
134286
134490
134694
134917
135121
135329
135532
135736
135957
136219
136423
136627
136836
137041
137245
137451
137656
137861
138065
138270
138475
138678
138883
139088
139292
139497
139702
139912
140117
140321
140527
140732
140936
141141
141345
141550
141754
141971
142182
142387
142591
142796
143006
143209
143414
143618
143822
144027
144232
144437
144641
144846
145050
145254
145459
145663
145868
146075
146280
146486
146692
146896
147100
147304
147509
147713
147921
148153
148361
148566
148782
149013
149218
149423
149630
149835
150039
150244
150449
150654
150857
151065
151273
151477
151683
151887
152094
152299
152506
152710
152915
153125
153329
153542
153746
153953
154158
154363
154570
154774
154982
155187
155391
155596
155800
156005
156210
156415
156620
156825
157029
157233
157438
157644
157850
158055
158258
158461
158666
158881
159085
159290
159494
159703
159909
160113
160320
160525
160730
160933
161138
161343
161559
161765
161970
162175
162380
162585
162789
162994
163199
163404
163609
163812
164019
164236
164443
164648
164853
165058
165262
165467
165682
165890
166094
166301
166505
166710
166914
167119
167322
167528
167732
167938
168142
168346
168552
168757
168961
169166
169372
169577
169782
169986
170191
170397
170602
170807
171013
171226
171431
171637
171842
172048
172254
172459
172664
172871
173088
173293
173497
173700
173906
174110
174316
174521
174726
174930
175135
175362
175568
175772
175976
176181
176386
176593
176798
177002
177205
177410
177615
177820
178023
178227
178431
178636
178840
179043
179247
179457
179663
179868
180075
180279
180484
180689
180894
181098
181303
181508
181712
181918
182124
182330
182536
182742
182957
183160
183366
183570
183774
183979
184184
184389
184595
184801
185004
185209
185414
185618
185823
186027
186231
186435
186641
186846
187070
187275
187481
187685
187889
188094
188302
188506
188711
188915
189119
189325
189530
189740
189945
190152
190355
190558
190764
190971
191175
191379
191585
191791
191996
192199
192406
192613
192818
193022
193233
193438
193643
193848
194051
194257
194462
194666
194871
195082
195285
195490
195696
195908
196113
196316
196525
196736
196941
197147
197357
197562
197767
197974
198178
198383
198587
198792
198997
199202
199408
199614
199819
200026
200231
200440
200644
200848
201056
201261
201466
201671
201876
202081
202285
202489
202696
202903
203108
203313
203517
203725
203931
204136
204341
204546
204751
204957
205162
205366
205571
205775
205978
206183
206388
206592
206801
207006
207210
207414
207621
207826
208031
208237
208446
208650
208855
209060
209263
209470
209674
209880
210084
210290
210495
210700
210907
211112
211317
211522
211725
211932
212137
212341
212546
212752
212957
213161
213367
213572
213779
213985
214190
214393
214597
214804
215010
215216
215420
215625
215830
216035
216238
216443
216649
216853
217057
217263
217468
217673
217876
218080
218294
218499
218704
218908
219114
219320
219524
219729
219934
220139
220344
220548
220753
220964
221168
221373
221578
221782
221986
222190
222395
222605
222809
223014
223219
223422
223628
223833
224039
224249
224454
224660
224871
225078
225283
225488
225691
225896
226102
226308
226514
226718
226922
227127
227335
227539
227744
227949
228156
228361
228567
228773
228978
229184
229389
229594
229799
230004
230210
230414
230619
230823
231027
231234
231439
231643
231848
232052
232257
232463
232667
232874
233078
233283
233490
233695
233900
234106
234311
234515
234720
234924
235129
235336
235539
235745
235962
236168
236372
236576
236782
236985
237190
237395
237600
237805
238015
238217
238421
238626
238831
239035
239240
239447
239653
239858
