11
216
426
665
869
1074
1290
1496
1737
1950
2169
2390
2652
2859
3087
3296
3502
3707
3913
4119
4324
4529
4733
4938
5142
5347
5550
5754
5959
6163
6368
6572
6787
6997
7202
7412
7615
7820
8026
8233
8439
8643
8847
9051
9256
9460
9671
9874
10079
10290
10494
10698
10903
11109
11323
11527
11732
11948
12154
12358
12563
12769
12973
13177
13383
13587
13790
13994
14204
14412
14619
14824
15029
15233
15438
15642
15846
16050
16260
16464
16669
16873
17078
17282
17486
17691
17898
18102
18306
18511
18716
18920
19125
19330
19534
19739
19944
20150
20386
20602
20807
21014
21219
21425
21629
21834
22040
22245
22451
22657
22865
23072
23280
23485
23692
23896
24102
24314
24519
24722
24929
25134
25339
25547
25752
25957
26162
26367
26575
26782
26986
27192
27397
27606
27812
28016
28222
28426
28632
28838
29041
29247
29452
29656
29860
30066
30271
30476
30684
30889
31094
31300
31506
31711
31916
32122
32327
32531
32740
32946
33149
33356
33559
33763
33969
34173
34379
34583
34787
34992
35197
35400
35604
35809
36013
36219
36425
36629
36833
37037
37242
37448
37652
37856
38061
38277
38482
38687
38891
39097
39302
39507
39712
39918
40123
40327
40540
40745
40949
41154
41359
41563
41767
41973
42178
42383
42587
42792
42997
43202
43407
43612
43815
44022
44237
44443
44646
44850
45057
45262
45467
45670
45875
46080
46286
46492
46696
46901
47105
47310
47515
47720
47924
48129
48335
48539
48742
48945
49151
49363
49568
49777
49980
50185
50390
50595
50799
51006
51210
51415
51621
51827
52033
52238
52442
52646
52851
53056
53260
53464
53670
53875
54080
54284
54488
54692
54896
55101
55309
55514
55718
55922
56133
56336
56543
56750
56955
57159
57365
57569
57773
57977
58180
58385
58594
58799
59003
59209
59413
59619
59824
60028
60233
60443
60648
60853
61058
61263
61467
61673
61876
62081
62286
62489
62697
62902
63106
63311
63519
63723
63928
64134
64337
64541
64745
64949
65154
65359
65563
65768
65972
66177
66383
66589
66794
66999
67202
67410
67614
67819
68024
68228
68433
68638
68842
69048
69252
69457
69664
69868
70073
70278
70483
70688
70893
71098
71301
71507
71714
71917
72123
72327
72533
72738
72942
73147
73351
73556
73760
73965
74171
74375
74581
74791
74996
75201
75406
75611
75816
76020
76225
76429
76634
76838
77044
77249
77453
77658
77863
78069
78273
78479
78686
78892
79096
79301
79503
79710
79917
80120
80325
80528
80734
80945
81149
81355
81559
81765
81970
82176
82385
82588
82793
82999
83205
83410
83614
83817
84022
84227
84431
84637
84843
85047
85250
85456
85661
85866
86069
86274
86483
86689
86899
87102
87308
87514
87718
87923
88127
88332
88536
88741
88945
89149
89353
89559
89766
89971
90176
90381
90586
90790
90995
91200
91404
91609
91816
92021
92228
92432
92640
92855
93059
93264
93469
93674
93886
94092
94297
94502
94709
94916
95121
95326
95531
95735
95939
96144
96350
96555
96759
96965
97181
97385
97590
97795
97999
98204
98409
98616
98820
99025
99228
99434
99638
99844
100048
100253
100458
100663
100867
101072
101277
101481
101685
101902
102108
102314
102518
102723
102926
103131
103343
103548
103754
103958
104162
104367
104573
104789
104992
105196
105401
105605
105815
106021
106226
106431
106635
106840
107048
107253
107458
107670
107875
108081
108284
108489
108707
108911
109118
109323
109528
109733
109937
110141
110346
110551
110755
110959
111164
111369
111574
111779
111982
112189
112393
112598
112801
113006
113212
113415
113620
113824
114029
114232
114437
114647
114852
115056
115262
115467
115670
115874
116092
116296
116501
116705
116913
117117
117322
117526
117730
117935
118141
118346
118549
118754
118958
119164
119368
119572
119778
119983
120188
120392
120597
120801
121005
121211
121415
121619
121823
122028
122236
122439
122643
122848
123054
123261
123466
123671
123876
124080
124286
124493
124697
124901
125106
125312
125518
125724
125929
126134
126338
126543
126749
126953
127159
127363
127570
127775
127979
128187
128392
128598
128803
129009
129220
129431
129637
129845
130051
130255
130460
130665
130870
131081
131286
131490
131694
131899
132105
132311
132518
132721
132927
133133
133340
133544
133748
133959
134163
134367
134571
134780
134985
135191
135397
135600
135805
136010
136216
136421
136624
136830
137036
137241
137444
137651
137856
138061
138267
138470
138674
138878
139082
139289
139495
139701
139904
140109
140319
140524
140736
140940
141143
141359
141564
141768
141972
142178
142388
142592
142796
142999
143204
143408
143613
143820
144026
144233
144437
144643
144847
145052
145257
145461
145666
145872
146080
146284
146489
146694
146901
147111
147314
147519
147724
147928
148132
148338
148540
148746
148951
149157
149361
149564
149770
149975
150181
150388
150592
150796
151000
151206
151409
151613
151818
152023
152228
152435
152639
152848
153051
153257
153461
153667
153871
154075
154280
154485
154688
154893
155098
155302
155507
155711
155917
156123
156329
156534
156739
156945
157149
157353
157558
157763
157974
158181
158387
158593
158798
159003
159207
159418
159623
159826
160033
160238
160477
160691
160908
161112
161317
161522
161726
161931
162135
162339
162544
162752
162957
163166
163369
163574
163779
163985
164192
164397
164611
164816
165022
165227
165432
165637
165842
166049
166254
166459
166662
166867
167072
167278
167483
167688
167893
168098
168302
168507
168710
168916
169120
169325
169529
169733
169941
170146
170350
170555
170759
170965
171170
171377
171582
171793
171998
172204
172410
172615
172819
173023
173228
173433
173637
173840
174044
174256
174460
174665
174870
175074
175278
175484
175690
175894
176114
176322
176528
176740
176954
177164
177372
177579
177784
177989
178193
178400
178604
178809
179013
179218
179423
179627
179832
180038
180244
180447
180650
180855
181060
181265
181469
181673
181878
182084
182288
182494
182699
182904
183114
183318
183523
183727
183941
184148
184352
184558
184762
184968
185172
185378
185582
185787
185995
186199
186404
186607
186811
187015
187221
187425
187629
187833
188037
188248
188453
188665
188871
189079
189283
189489
189695
189900
190106
190310
190518
190722
190927
191131
191337
191556
191761
191965
192169
192373
192579
192789
192993
193197
193401
193605
193822
194027
194232
194437
194654
194858
195063
195267
195472
195678
195897
196102
196305
196509
196714
196919
197124
197329
197534
197746
197950
198154
198358
198562
198766
198974
199179
199383
199587
199795
200005
200247
200451
200654
200859
201064
201272
201477
201700
201905
202111
202318
202523
202727
202933
203139
203345
203550
203755
203958
204162
204366
204571
204778
204983
205188
205411
205619
205823
206029
206236
206440
206645
206848
207051
207262
207467
207671
207876
208088
208292
208496
208699
208903
209108
209323
209529
209734
209939
210145
210349
210554
210758
210964
211188
211397
211601
211805
212010
212217
212422
212635
212840
213044
213248
213453
213657
213862
214066
214270
214474
214679
214886
215090
215294
215500
215706
215911
216114
216319
216523
216728
216932
217140
217347
217551
217755
217958
218171
218376
218580
218785
218990
219195
219398
219605
219825
220031
220235
220440
220644
220849
221056
221271
221475
221682
221887
222093
222298
222503
222708
222912
223116
223320
223524
223729
223933
224138
224343
224547
224752
224957
225162
225366
225575
225779
225984
226188
226393
226596
226802
227008
227211
227415
227620
227824
228028
228233
228437
228643
228849
229053
229259
229467
229671
229879
230082
230287
230493
230698
230903
231108
231313
231517
231721
231926
232130
232333
232537
232741
232946
233150
233355
233559
233763
233966
234171
234375
234584
234788
234993
235198
235408
235612
235816
236075
236280
236496
236717
236934
237138
237345
237549
237754
237958
238163
238366
238570
238775
238980
239184
239389
239602
239806
