44
267
493
817
1087
1417
1652
1900
2144
2418
2625
2966
3265
3486
3699
3906
4117
4324
4607
4825
5032
5256
5461
5668
5874
6083
6299
6503
6708
6916
7124
7329
7531
7739
7950
8154
8358
8562
8768
8972
9177
9386
9592
9799
10011
10217
10422
10627
10836
11041
11246
11449
11656
11860
12064
12272
12476
12679
12886
13089
13295
13501
13707
13915
14121
14325
14531
14737
14941
15146
15351
15572
15777
15984
16189
16394
16598
16809
17014
17219
17424
17629
17835
18038
18244
18457
18661
18867
19073
19276
19481
19686
19891
20097
20302
20511
20715
20924
21130
21335
21540
21746
21950
22160
22366
22571
22776
22989
23192
23400
23604
23809
24015
24219
24424
24630
24835
25039
25244
25450
25654
25858
26072
26277
26487
26692
26898
27102
27306
27510
27715
27920
28124
28328
28534
28748
28953
29158
29363
29571
29775
29982
30187
30393
30597
30803
31006
31211
31416
31625
31831
32035
32238
32444
32649
32854
33058
33276
33481
33687
33894
34114
34317
34523
34734
34940
35145
35351
35557
35763
35977
36182
36388
36593
36798
37003
37208
37411
37617
37824
38031
38235
38441
38647
38852
39058
39286
39492
39697
39901
40106
40311
40515
40722
40927
41131
41335
41540
41745
41950
42155
42360
42565
42770
42976
43181
43386
43590
43795
44000
44204
44409
44614
44822
45026
45235
45439
45644
45851
46056
46260
46465
46677
46885
47089
47293
47498
47702
47906
48115
48320
48523
48727
48939
49145
49349
49554
49762
49965
50170
50375
50579
50783
50987
51199
51404
51609
51815
52023
52229
52433
52639
52845
53050
53254
53465
53670
53874
54080
54288
54495
54699
54902
55110
55317
55522
55727
55933
56147
56352
56556
56760
56965
57170
57379
57583
57788
57992
58199
58403
58609
58817
59023
59229
59434
59638
59843
60048
60269
60475
60680
60885
61089
61295
61501
61705
61910
62116
62331
62537
62741
62946
63162
63366
63571
63776
63981
64186
64392
64596
64800
65004
65211
65423
65629
65838
66042
66249
66456
66661
66866
67070
67274
67479
67684
67890
68101
68305
68511
68715
68919
69124
69329
69533
69738
69943
70149
70353
70558
70762
70966
71171
71383
71593
71802
72006
72211
72414
72618
72834
73040
73244
73461
73670
73876
74083
74288
74493
74699
74903
75110
75315
75519
75724
75932
76139
76343
76548
76751
76956
77164
77369
77575
77780
77985
78189
78400
78606
78810
79026
79235
79440
79643
79850
80055
80260
80469
80675
80880
81084
81289
81496
81701
81905
82109
82315
82520
82725
82931
83135
83339
83544
83748
83953
84159
84364
84570
84774
84978
85185
85392
85595
85800
86006
86213
86418
86622
86829
87045
87253
87457
87662
87867
88073
88278
88484
88689
88894
89098
89303
89525
89729
89933
90138
90342
90546
90750
90956
91160
91364
91569
91780
91989
92193
92399
92604
92808
93011
93224
93427
93636
93840
94047
94249
94455
94659
94865
95071
95275
95487
95693
95900
96104
96310
96519
96724
96927
97132
97337
97542
97748
97957
98162
98366
98574
98782
98987
99191
99396
99601
99805
100009
100217
100421
100625
100828
101038
101243
101447
101651
101859
102065
102269
102474
102685
102893
103099
103305
103510
103732
103937
104141
104348
104554
104759
104963
105167
105372
105576
105783
105989
106193
106398
106602
106805
107010
107218
107422
107628
107833
108038
108243
108448
108653
108857
109060
109265
109470
109676
109881
110086
110297
110502
110706
110913
111119
111324
111528
111733
111938
112144
112350
112554
112760
112974
113177
113382
113588
113792
114001
114214
114456
114663
114868
115073
115277
115483
115691
115897
116102
116308
116512
116723
116926
117130
117335
117542
117747
117952
118155
118360
118565
118768
118975
119180
119389
119594
119804
120008
120223
120430
120635
120840
121045
121251
121455
121660
121864
122070
122273
122478
122684
122889
123097
123301
123505
123709
123916
124120
124326
124536
124744
124947
125155
125360
125563
125766
126006
126213
126417
126629
126835
127039
127244
127462
127669
127875
128125
128332
128539
128746
128952
129156
129361
129571
129836
130047
130256
130464
130669
130873
131078
131284
131489
131697
131902
132106
132310
132518
132729
132933
133138
133342
133548
133751
133955
134160
134368
134573
134778
134983
135188
135392
135598
135803
136007
136211
136416
136622
136828
137034
137241
137446
137651
137856
138060
138265
138471
138676
138884
139088
139294
139500
139705
139909
140118
140322
140526
140731
140939
141144
141349
141555
141765
141970
142174
142381
142588
142793
142998
143203
143413
143617
143821
144027
144230
144435
144640
144845
145049
145254
145459
145665
145870
146074
146279
146485
146691
146896
147102
147308
147514
147718
147921
148126
148331
148535
148740
148945
149149
149354
149592
149796
150006
150219
150424
150627
150835
151046
151250
151455
151660
151864
152069
152274
152481
152685
152890
153094
153299
153514
153719
153924
154132
154337
154542
154746
154953
155158
155361
155568
155773
155978
156182
156387
156593
156798
157003
157209
157414
157620
157826
158031
158238
158450
158655
158862
159082
159288
159494
159699
159909
160114
160318
160522
160728
160934
161139
161342
161547
161755
161961
162165
162370
162574
162779
162982
163188
163394
163599
163803
164007
164214
164417
164622
164826
165032
165236
165441
165647
165852
166062
166267
166473
166679
166891
167095
167309
167515
167720
167924
168128
168334
168538
168743
168948
169153
169359
169564
169769
169974
170177
170381
170587
170793
170999
171203
171408
171614
171822
172026
172232
172438
172643
172848
173056
173261
173467
173672
173877
174083
174289
174493
174698
174914
175118
175321
175526
175733
175939
176143
176348
176554
176762
176966
177172
177376
177580
177787
177996
178202
178407
178613
178820
179024
179231
179441
179647
179854
180060
180266
180469
180674
180880
181086
181289
181492
181700
181905
182110
182315
182540
182749
182955
183160
183417
183632
183840
184051
184256
184460
184665
184877
185082
185288
185493
185698
185903
186108
186313
186543
186750
186954
187159
187365
187569
187773
187980
188203
188410
188628
188840
189044
189248
189455
189658
189863
190083
190309
190516
190721
190925
191135
191341
191547
191753
191958
192163
192372
192577
192782
192992
193212
193425
193631
193835
194041
194251
194456
194661
194872
195082
195289
195496
195700
195904
196108
196318
196523
196729
196934
197140
197348
197553
197757
197963
198174
198378
198582
198787
198995
199199
199404
199613
199832
200035
200240
200447
200652
200858
201064
201269
201480
201686
201891
202097
202311
202517
202722
202928
203133
203336
203542
203747
203950
204155
204362
204568
204771
204976
205182
205388
205593
205805
206019
206223
206429
206636
206845
207051
207255
207460
207665
207869
208074
208279
208484
208690
208900
209105
209309
209518
209722
209926
210131
210336
210542
210746
210950
211159
211363
211567
211772
211977
212181
212387
212592
212801
213005
213210
213418
213622
213827
214032
214236
214452
214656
214861
215070
215276
215481
215685
215892
216098
216302
216507
216712
216920
217124
217330
217535
217741
217949
218154
218360
218572
218777
218982
219190
219400
219604
219808
220022
220226
220432
220636
220842
221049
221253
221459
221665
221869
222074
222279
222484
222688
222893
223098
223302
223506
223711
223917
224122
224326
224534
224738
224942
225148
225353
225560
225768
225972
226180
226385
226590
226793
227000
227205
227410
227617
227825
228029
228236
228442
228649
228854
229059
229265
229470
229673
229877
230082
230286
230490
230695
230911
231118
231321
231527
231732
231937
232146
232351
232556
232760
232978
233182
233387
233592
233803
234008
234213
234420
234625
234829
235034
235243
235448
235656
235862
236077
236291
236495
236701
236906
237111
237318
237523
237728
237933
238138
238343
238548
238752
238955
239160
239365
239570
239775
239980
