31
288
522
739
947
1168
1381
1657
1942
2188
2420
2635
2863
3133
3338
3542
3767
3988
4272
4489
4695
4926
5141
5346
5576
5826
6086
6292
6501
6710
6919
7124
7328
7540
7744
7948
8155
8360
8565
8770
8977
9186
9391
9599
9806
10013
10218
10423
10628
10836
11042
11245
11451
11657
11863
12071
12275
12478
12683
12888
13092
13297
13501
13708
13912
14117
14325
14532
14737
14941
15146
15352
15560
15764
15974
16178
16383
16588
16794
16999
17204
17414
17619
17823
18027
18235
18440
18646
18853
19060
19265
19473
19678
19886
20093
20298
20528
20734
20937
21141
21350
21555
21761
21969
22176
22385
22589
22794
23002
23205
23420
23625
23836
24050
24255
24466
24673
24891
25095
25304
25510
25715
25920
26124
26330
26534
26739
26950
27158
27362
27569
27774
27982
28187
28391
28599
28807
29011
29219
29423
29628
29832
30040
30248
30453
30657
30862
31069
31273
31477
31694
31902
32106
32324
32528
32735
32945
33151
33357
33562
33773
33977
34182
34391
34597
34800
35005
35220
35428
35641
35845
36055
36260
36464
36669
36878
37083
37289
37494
37702
37907
38110
38314
38525
38730
38934
39139
39355
39569
39774
39980
40185
40390
40596
40803
41009
41218
41425
41630
41838
42043
42253
42457
42661
42867
43070
43275
43484
43691
43897
44102
44321
44525
44737
44941
45145
45355
45558
45762
45973
46182
46387
46591
46797
47000
47204
47409
47620
47823
48027
48233
48439
48644
48848
49052
49258
49472
49717
49925
50130
50334
50539
50744
50951
51157
51361
51567
51772
51977
52193
52400
52606
52812
53019
53229
53433
53638
53845
54055
54261
54466
54674
54884
55091
55296
55502
55708
55915
56120
56324
56528
56735
56940
57145
57352
57556
57763
57969
58174
58384
58599
58804
59008
59213
59430
59635
59840
60047
60253
60456
60660
60864
61072
61276
61481
61686
61890
62096
62303
62513
62718
62924
63138
63343
63546
63750
63955
64160
64365
64572
64776
64984
65188
65393
65606
65812
66017
66224
66429
66634
66839
67048
67253
67462
67667
67874
68079
68285
68490
68696
68901
69106
69312
69536
69742
69948
70174
70378
70583
70789
70993
71198
71402
71616
71827
72030
72237
72443
72651
72856
73061
73269
73474
73679
73885
74090
74294
74500
74704
74912
75120
75325
75534
75739
75943
76149
76354
76557
76761
76966
77171
77376
77581
77787
77993
78198
78404
78610
78815
79020
79225
79433
79637
79842
80050
80253
80457
80662
80870
81074
81278
81483
81690
81896
82100
82304
82512
82722
82928
83137
83343
83551
83759
83967
84171
84376
84582
84789
84994
85199
85406
85610
85815
86024
86233
86437
86641
86846
87056
87259
87464
87669
87872
88076
88285
88489
88694
88899
89105
89311
89517
89721
89927
90136
90341
90544
90757
90962
91169
91374
91578
91785
91990
92194
92401
92609
92813
93018
93224
93432
93637
93841
94048
94251
94455
94658
94864
95068
95272
95477
95686
95893
96098
96305
96509
96714
96925
97133
97339
97544
97751
97957
98162
98375
98581
98786
98992
99201
99407
99612
99818
100027
100231
100437
100643
100851
101055
101261
101475
101685
101890
102094
102309
102517
102721
102926
103132
103337
103541
103749
103958
104162
104368
104573
104778
105001
105211
105424
105628
105833
106037
106244
106450
106667
106873
107077
107290
107494
107710
107915
108119
108324
108536
108741
108945
109158
109365
109569
109774
109978
110183
110388
110594
110809
111012
111217
111423
111626
111830
112036
112241
112446
112651
112856
113062
113267
113475
113678
113884
114088
114292
114498
114703
114908
115114
115326
115531
115742
115946
116160
116365
116572
116778
116984
117196
117403
117608
117814
118018
118222
118428
118633
118839
119044
119254
119459
119664
119869
120075
120282
120495
120699
120903
121108
121313
121517
121723
121929
122142
122351
122555
122761
122968
123173
123379
123585
123794
124000
124206
124410
124615
124834
125040
125247
125455
125660
125868
126073
126288
126494
126699
126903
127108
127314
127519
127726
127954
128162
128367
128571
128785
128990
129194
129399
129619
129824
130030
130238
130444
130650
130861
131076
131280
131486
131692
131900
132107
132312
132520
132724
132929
133136
133350
133561
133765
133970
134175
134378
134585
134790
134995
135201
135405
135612
135818
136022
136227
136440
136642
136847
137053
137278
137484
137689
137893
138101
138308
138512
138717
138923
139127
139332
139537
139741
139947
140152
140359
140566
140770
140976
141182
141388
141593
141802
142007
142211
142420
142626
142832
143038
143242
143449
143655
143861
144066
144270
144476
144686
144891
145095
145302
145508
145724
145928
146136
146343
146549
146753
146958
147163
147374
147578
147793
147999
148207
148414
148620
148825
149028
149236
149440
149645
149850
150055
150259
150464
150676
150902
151212
151460
151670
151875
152081
152285
152489
152696
152987
153191
153396
153613
153818
154022
154228
154436
154640
154843
155053
155258
155463
155667
155875
156105
156311
156514
156720
156925
157132
157337
157542
157750
157955
158160
158370
158576
158781
158994
159214
159419
159624
159836
160042
160250
160455
160660
160879
161083
161288
161493
161697
161924
162127
162349
162556
162761
162966
163179
163387
163592
163796
164000
164206
164410
164614
164820
165025
165234
165439
165647
165855
166058
166264
166471
166676
166888
167093
167299
167507
167718
167922
168126
168330
168541
168745
168949
169160
169367
169572
169807
170011
170219
170424
170629
170837
171045
171250
171454
171658
171863
172067
172271
172476
172682
172886
173091
173295
173501
173706
173911
174119
174328
174547
174752
174955
175159
175363
175570
175777
175989
176195
176403
176609
176817
177020
177225
177448
177653
177857
178063
178268
178472
178676
178893
179099
179302
179508
179714
179921
180127
180332
180538
180742
180947
181151
181360
181574
181778
181986
182207
182412
182616
182820
183027
183233
183437
183642
183853
184056
184261
184464
184677
184891
185095
185300
185506
185710
185914
186119
186325
186533
186737
186942
187149
187356
187562
187767
187974
188177
188383
188586
188790
188994
189202
189408
189622
189825
190030
190236
190441
190645
190850
191055
191261
191467
191671
191875
192081
192291
192496
192702
192907
193129
193335
193540
193745
193954
194159
194363
194569
194777
194986
195189
195404
195609
195815
196020
196225
196431
196637
196840
197044
197250
197455
197659
197868
198074
198278
198482
198688
198893
199099
199302
199508
199713
199928
200136
200340
200546
200749
200957
201170
201375
201581
201794
202000
202204
202410
202618
202822
203028
203234
203442
203647
203853
204058
204261
204466
204671
204886
205089
205293
205503
205708
205925
206136
206342
206547
206754
206959
207165
207370
207577
207782
207986
208190
208407
208611
208817
209021
209227
209440
209644
209852
210058
210262
210468
210672
210879
211093
211311
211519
211723
211929
212142
212348
212561
212768
212973
213176
213387
213591
213802
214007
214212
214417
214622
214828
215039
215243
215447
215652
215861
216066
216271
216475
216683
216888
217092
217294
217504
217709
217913
218119
218325
218531
218737
218942
219147
219354
219558
219762
219968
220172
220376
220581
220790
220993
221199
221406
221609
221814
222018
222224
222431
222642
222847
223058
223262
223467
223671
223879
224084
224293
224500
224705
224912
225116
225321
225551
225756
225961
226166
226372
226577
226783
226989
227195
227401
227607
227812
228017
228229
228438
228643
228850
229056
229263
229470
229693
229900
230107
230312
230517
230723
230932
231137
231341
231552
231757
231962
232166
232373
232578
232782
232988
233194
233403
233608
233813
234022
234227
234431
234637
234843
235048
235253
235457
235664
235869
236073
236278
236483
236689
236893
237101
237305
237511
237716
237930
238142
238346
238554
238759
238965
239187
239391
239595
239803
