52
426
665
874
1100
1451
1725
1968
2185
2419
2677
2886
3103
3318
3615
3862
4166
4437
4702
4907
5113
5319
5563
5768
5982
6186
6400
6609
6821
7032
7248
7456
7661
7866
8083
8291
8496
8707
8914
9117
9321
9527
9734
9972
10177
10383
10587
10795
11000
11206
11412
11617
11821
12030
12237
12443
12652
12862
13065
13268
13477
13683
13891
14097
14302
14508
14712
14917
15122
15338
15545
15755
15971
16179
16382
16588
16797
17002
17210
17420
17627
17834
18039
18243
18448
18654
18862
19069
19274
19485
19690
19895
20102
20307
20513
20720
20922
21128
21332
21537
21742
21950
22182
22389
22594
22800
23006
23210
23416
23624
23828
24033
24239
24443
24649
24854
25060
25266
25471
25676
25880
26094
26298
26502
26705
26910
27116
27323
27531
27735
27941
28146
28351
28555
28761
28966
29170
29377
29581
29785
29991
30197
30402
30615
30820
31025
31231
31435
31646
31851
32057
32263
32477
32681
32886
33103
33308
33513
33719
33927
34132
34337
34543
34748
34953
35157
35363
35566
35772
35975
36188
36395
36600
36804
37015
37219
37424
37628
37834
38038
38243
38448
38655
38860
39066
39270
39475
39679
39885
40088
40293
40498
40704
40911
41116
41320
41524
41728
41934
42138
42342
42546
42751
42956
43162
43367
43571
43776
43982
44186
44391
44597
44804
45009
45214
45419
45624
45828
46032
46240
46444
46649
46852
47059
47267
47471
47675
47880
48083
48290
48495
48698
48902
49106
49315
49521
49725
49928
50133
50336
50540
50744
50948
51153
51361
51567
51776
51981
52197
52405
52610
52814
53018
53221
53427
53634
53840
54045
54248
54451
54655
54860
55065
55272
55479
55684
55887
56092
56304
56511
56718
56922
57127
57333
57538
57741
57946
58152
58357
58562
58765
58970
59175
59380
59584
59798
60003
60207
60411
60619
60825
61028
61231
61436
61641
61845
62049
62254
62460
62668
62871
63074
63279
63485
63693
63898
64103
64309
64514
64720
64926
65137
65342
65546
65753
65957
66161
66366
66571
66785
66990
67194
67398
67604
67808
68013
68222
68428
68633
68838
69049
69253
69459
69663
69868
70073
70277
70483
70688
70892
71096
71302
71505
71710
71915
72125
72328
72534
72742
72946
73155
73360
73570
73779
73985
74190
74395
74599
74804
75010
75219
75423
75627
75831
76037
76240
76445
76650
76856
77069
77273
77481
77685
77890
78095
78299
78502
78707
78912
79117
79333
79538
79742
79951
80156
80360
80567
80772
80981
81185
81395
81599
81804
82008
82211
82419
82624
82829
83032
83238
83443
83647
83857
84062
84268
84479
84684
84890
85096
85302
85507
85711
85917
86122
86327
86532
86741
86945
87148
87352
87557
87762
87967
88170
88375
88581
88786
88990
89216
89420
89625
89832
90036
90241
90446
90651
90857
91063
91268
91473
91677
91882
92087
92303
92507
92713
92918
93122
93329
93535
93739
93950
94155
94360
94564
94769
94977
95180
95385
95590
95794
96002
96207
96409
96615
96819
97023
97228
97434
97639
97845
98050
98256
98461
98665
98869
99076
99281
99485
99690
99896
100099
100303
100508
100716
100919
101123
101329
101535
101743
101949
102154
102361
102567
102772
102978
103185
103389
103594
103799
104006
104211
104413
104619
104825
105036
105271
105481
105685
105889
106093
106302
106506
106713
106919
107124
107328
107534
107738
107941
108146
108351
108562
108772
108977
109183
109388
109593
109797
110004
110210
110412
110619
110828
111032
111236
111442
111646
111852
112055
112259
112464
112668
112875
113079
113283
113492
113698
113904
114108
114313
114517
114725
114931
115136
115341
115547
115757
115961
116165
116369
116576
116780
116985
117190
117401
117605
117810
118014
118222
118426
118630
118833
119039
119243
119448
119652
119858
120064
120267
120472
120680
120885
121088
121293
121500
121705
121910
122115
122321
122526
122729
122933
123138
123347
123552
123756
123964
124169
124374
124577
124784
124989
125193
125398
125635
125844
126051
126257
126465
126671
126876
127101
127306
127511
127715
127920
128124
128328
128533
128739
128942
129146
129352
129559
129767
129971
130176
130382
130586
130790
130997
131206
131413
131618
131824
132029
132233
132438
132642
132846
133052
133258
133463
133669
133874
134078
134287
134496
134701
134908
135111
135315
135522
135727
135933
136137
136342
136560
136764
136970
137175
137380
137585
137790
137995
138200
138404
138609
138814
139020
139224
139436
139640
139843
140048
140252
140457
140662
140870
141074
141279
141484
141690
141897
142101
142306
142511
142715
142920
143126
143330
143534
143737
143944
144150
144355
144560
144768
144972
145177
145381
145587
145793
145997
146201
146421
146627
146832
147036
147242
147447
147651
147856
148062
148266
148471
148704
148907
149111
149322
149527
149747
149952
150157
150368
150571
150775
150980
151187
151393
151596
151805
152013
152219
152423
152628
152833
153040
153244
153449
153656
153861
154066
154270
154476
154681
154886
155091
155296
155503
155708
155914
156120
156325
156531
156735
156939
157143
157348
157552
157761
157965
158172
158376
158585
158789
158995
159200
159404
159610
159817
160021
160225
160431
160637
160841
161046
161251
161456
161662
161867
162077
162281
162483
162687
162894
163100
163304
163509
163715
163919
164130
164335
164539
164744
164951
165158
165363
165567
165771
165978
166185
166392
166596
166809
167019
167225
167428
167635
167838
168043
168248
168454
168664
168871
169076
169302
169505
169709
169917
170137
170343
170547
170752
170959
171163
171370
171576
171782
171989
172289
172499
172706
172912
173116
173320
173526
173730
173934
174146
174350
174553
174757
174963
175169
175371
175582
175789
175994
176198
176407
176617
176820
177025
177231
177437
177642
177851
178058
178262
178466
178671
178876
179081
179285
179490
179696
179902
180106
180310
180514
180720
180926
181131
181337
181541
181747
181951
182160
182367
182572
182777
182985
183190
183401
183607
183811
184022
184227
184432
184637
184842
185047
185252
185458
185665
185868
186073
186280
186484
186688
186893
187099
187305
187510
187714
187928
188133
188339
188554
188760
188964
189169
189383
189586
189792
189997
190201
190406
190612
190817
191022
191226
191432
191639
191844
192049
192255
192460
192664
192869
193074
193284
193488
193692
193900
194105
194311
194516
194721
194937
195141
195347
195553
195757
195961
196166
196372
196582
196786
196998
197203
197408
197622
197826
198030
198233
198438
198647
198855
199059
199265
199474
199679
199882
200087
200292
200497
200701
200905
201112
201316
201520
201724
201935
202141
202345
202550
202758
202962
203165
203373
203577
203783
203987
204193
204398
204604
204809
205014
205225
205437
205641
205845
206050
206256
206463
206667
206872
207076
207281
207487
207692
207896
208103
208308
208515
208721
208927
209131
209336
209542
209747
209951
210157
210362
210569
210774
210984
211189
211395
211600
211807
212012
212219
212423
212639
212843
213048
213255
213459
213664
213866
214071
214277
214483
214688
214892
215096
215301
215505
215712
215919
216123
216334
216538
216743
216948
217154
217359
217565
217771
217976
218180
218385
218589
218794
219003
219209
219412
219617
219822
220027
220234
220442
220646
220852
221058
221264
221472
221687
221892
222099
222303
222507
222711
222916
223122
223327
223531
223737
223943
224149
224355
224560
224765
224969
225173
225380
225586
225790
225995
226200
226406
226612
226816
227021
227229
227433
227636
227841
228045
228248
228453
228658
228863
229067
229271
229477
229682
229887
230091
230294
230502
230707
230914
231119
231325
231530
231736
231940
232145
232350
232555
232760
232964
233169
233375
233579
233782
233988
234191
234396
234602
234810
235015
235219
235424
235628
235834
236042
236248
236454
236669
236874
237079
237284
237487
237692
237898
238109
238314
238518
238725
238932
239135
239340
239545
239751
239961
