54
272
511
761
1034
1239
1445
1650
1862
2068
2281
2508
2719
2927
3131
3343
3546
3750
3963
4168
4380
4584
4789
4992
5196
5406
5613
5817
6023
6228
6432
6637
6849
7053
7258
7463
7674
7885
8089
8296
8506
8721
8926
9133
9338
9542
9748
9959
10165
10368
10573
10777
10983
11191
11396
11600
11807
12011
12216
12420
12627
12836
13040
13245
13450
13656
13861
14065
14270
14473
14679
14883
15088
15291
15497
15701
15905
16123
16344
16550
16755
16962
17177
17385
17590
17793
17998
18203
18410
18613
18821
19025
19229
19432
19638
19844
20053
20258
20463
20667
20874
21079
21285
21491
21694
21899
22104
22309
22515
22719
22923
23127
23333
23538
23742
23946
24152
24357
24561
24765
24970
25176
25380
25585
25790
25995
26200
26403
26610
26815
27018
27223
27427
27632
27837
28042
28248
28458
28664
28868
29074
29278
29482
29688
29895
30098
30303
30515
30720
30924
31129
31333
31539
31744
31949
32154
32358
32567
32772
32976
33181
33385
33594
33799
34005
34209
34412
34617
34820
35025
35231
35435
35640
35844
36049
36255
36460
36665
36871
37075
37280
37485
37690
37897
38100
38306
38511
38715
38919
39125
39330
39538
39755
39961
40165
40370
40574
40779
40984
41189
41395
41601
41805
42010
42214
42422
42626
42833
43037
43242
43446
43651
43859
44063
44269
44475
44680
44885
45089
45295
45502
45706
45911
46115
46320
46524
46728
46932
47136
47341
47546
47751
47958
48161
48365
48569
48779
48984
49189
49392
49596
49802
50007
50211
50418
50623
50826
51030
51235
51441
51645
51851
52056
52260
52464
52668
52873
53078
53282
53487
53692
53897
54101
54306
54510
54716
54921
55126
55330
55536
55742
55948
56155
56361
56567
56775
56979
57184
57393
57597
57803
58011
58217
58421
58625
58831
59045
59250
59455
59659
59869
60075
60281
60485
60690
60894
61100
61306
61511
61717
61922
62128
62332
62539
62753
62957
63162
63368
63574
63778
63983
64187
64390
64596
64801
65006
65210
65415
65620
65825
66028
66232
66437
66642
66846
67051
67255
67459
67664
67872
68077
68282
68487
68691
68895
69099
69303
69507
69714
69919
70122
70327
70531
70741
70946
71151
71355
71559
71763
71969
72175
72379
72583
72788
72992
73195
73403
73607
73815
74020
74224
74428
74633
74837
75042
75247
75453
75657
75862
76067
76272
76476
76680
76884
77087
77292
77498
77702
77906
78110
78318
78522
78727
78930
79135
79340
79544
79748
79952
80156
80361
80569
80774
80978
81181
81387
81591
81796
82001
82209
82441
82645
82850
83054
83260
83466
83670
83875
84084
84294
84501
84705
84910
85115
85319
85524
85728
85932
86141
86347
86554
86784
86989
87193
87397
87602
87811
88015
88228
88434
88638
88843
89046
89251
89455
89660
89864
90068
90272
90476
90680
90884
91094
91299
91504
91707
91912
92117
92321
92526
92731
92936
93139
93344
93548
93752
93957
94162
94365
94570
94775
94979
95183
95387
95595
95800
96005
96211
96415
96620
96824
97031
97236
97441
97644
97850
98056
98262
98465
98669
98873
99078
99281
99485
99689
99893
100096
100301
100506
100710
100915
101121
101325
101529
101735
101941
102145
102350
102552
102757
102980
103184
103389
103595
103800
104005
104210
104415
104619
104824
105028
105232
105437
105642
105850
106055
106259
106464
106669
106873
107077
107282
107486
107691
107895
108100
108304
108508
108711
108917
109122
109327
109531
109735
109940
110144
110349
110553
110758
110963
111171
111383
111588
111793
111998
112201
112406
112612
112815
113019
113223
113429
113634
113844
114048
114253
114458
114664
114869
115074
115280
115485
115689
115893
116099
116303
116507
116712
116935
117141
117345
117550
117755
117960
118166
118370
118574
118780
118996
119205
119410
119614
119819
120023
120229
120433
120638
120846
121051
121256
121460
121665
121871
122075
122282
122487
122691
122896
123101
123304
123509
123715
123921
124127
124332
124537
124742
124945
125150
125355
125560
125764
125970
126174
126380
126585
126792
126997
127201
127405
127609
127814
128018
128223
128427
128633
128838
129043
129247
129451
129656
129860
130065
130269
130481
130685
130889
131094
131299
131504
131709
131914
132117
132325
132529
132734
132942
133148
133352
133556
133760
133966
134174
134378
134583
134787
134994
135199
135403
135606
135810
136016
136229
136433
136637
136842
137046
137264
137468
137672
137876
138080
138286
138491
138695
138900
139104
139310
139515
139719
139922
140127
140329
140534
140739
140943
141148
141359
141564
141769
141973
142176
142381
142586
142792
142997
143210
143416
143621
143825
144030
144234
144439
144642
144847
145059
145263
145468
145672
145878
146082
146288
146492
146696
146902
147116
147320
147524
147728
147933
148138
148346
148549
148754
148959
149163
149379
149583
149786
149990
150202
150407
150611
150816
151021
151226
151442
151646
151851
152057
152263
152469
152672
152874
153078
153283
153494
153698
153905
154110
154315
154526
154731
154936
155142
155347
155551
155757
155961
156167
156382
156586
156793
156998
157202
157406
157611
157816
158024
158228
158434
158638
158844
159049
159253
159460
159664
159868
160073
160277
160481
160686
160899
161106
161310
161515
161720
161929
162133
162339
162542
162746
162951
163156
163361
163564
163769
163975
164180
164387
164591
164799
165003
165208
165415
165619
165824
166030
166239
166444
166655
166863
167068
167273
167478
167683
167887
168092
168296
168500
168704
168909
169112
169316
169520
169732
169940
170144
170349
170553
170760
170965
171169
171374
171578
171782
171988
172192
172409
172615
172818
173024
173233
173439
173644
173857
174060
174264
174469
174674
174885
175090
175295
175501
175704
175910
176114
176320
176524
176728
176932
177137
177345
177549
177753
177969
178174
178379
178583
178788
178992
179196
179400
179619
179824
180028
180234
180437
180642
180847
181050
181255
181459
181663
181868
182073
182278
182484
182691
182896
183105
183309
183513
183718
183924
184128
184333
184538
184741
184947
185151
185356
185561
185766
185971
186176
186381
186585
186789
186995
187201
187405
187609
187814
188024
188228
188442
188647
188851
189057
189260
189466
189672
189877
190087
190290
190497
190703
190906
191113
191320
191525
191732
191937
192143
192349
192553
192758
192964
193167
193372
193578
193785
193989
194193
194397
194602
194808
195013
195218
195424
195629
195832
196036
196241
196447
196651
196856
197061
197266
197471
197676
197882
198087
198292
198497
198701
198917
199123
199334
199562
199798
200001
200218
200424
200631
200837
201046
201251
201460
201665
201870
202076
202279
202486
202707
202913
203116
203342
203547
203752
203957
204161
204365
204574
204781
204986
205192
205395
205599
205803
206025
206233
206438
206643
206848
207094
207302
207507
207712
207916
208145
208351
208556
208773
208979
209190
209397
209602
209812
210046
210288
210492
210699
210904
211111
211320
211524
211729
211956
212161
212364
212571
212775
212985
213189
213393
213605
213809
214013
214217
214422
214625
214830
215037
215242
215446
215650
215854
216061
216266
216475
216680
216883
217100
217304
217508
217714
217928
218134
218343
218552
218755
218960
219178
219384
219588
219793
219997
220202
220406
220611
220822
221029
221234
221472
221680
221885
222089
222294
222501
222705
222912
223118
223322
223525
223743
223947
224152
224357
224564
224770
224975
225179
225383
225587
225792
225996
226201
226404
226608
226814
227019
227223
227432
227637
227842
228047
228257
228465
228671
228882
229088
229293
229496
229701
229905
230113
230316
230523
230727
230933
231137
231341
231548
231753
231959
232162
232368
232573
232779
232984
233188
233392
233597
233802
234006
234211
234415
234620
234825
235037
235241
235448
235652
235864
236073
236283
236487
236692
236907
237115
237321
237527
237732
237956
238162
238366
238570
238774
238979
239195
239411
239616
239820
