0
0
0
0
0
0
0
0
0
0
0
0
0
0
0
0
0
0
0
0
0
0
0
0
0
0
0
0
0
0
0
0
0
0
0
0
0
0
0
0
0
0
0
0
0
0
0
0
0
0
0
0
0
0
0
0
0
0
0
0
0
0
0
0
0
0
0
0
0
0
0
0
0
0
0
0
0
0
0
0
0
0
0
0
0
0
0
0.05871942
0.3012803
0.6504912
1.056447
1.944903
2.405737
2.871148
3.338982
3.808091
4.2779
5.218434
5.688908
6.159435
6.630016
7.571214
7.911969
8.093441
8.190021
8.241451
8.268809
8.29116
8.295288
8.297478
8.298663
8.299292
8.299632
8.299902
8.299902
8.299902
8.299902
8.299902
8.299794
8.299829
8.299866
8.299919
8.299919
8.299919
8.299919
8.299919
8.299919
8.299919
8.299919
8.299919
8.299919
8.299919
8.299919
8.299919
8.299919
8.241164
7.998585
7.649393
7.243473
6.807323
5.894237
5.428826
5.044143
4.836498
4.725952
4.635746
4.619033
4.610147
4.605408
4.602894
4.60083
4.600453
4.600255
4.600112
4.600112
4.600112
4.600112
4.600112
4.600112
4.600112
4.600112
4.600112
4.600112
4.600112
4.600112
4.600112
4.600112
4.600112
4.600112
4.600112
4.600112
4.600112
4.600112
4.600112
4.600112
4.600112
4.600112
4.600112
4.600112
4.600112
4.600112
4.600112
4.600112
4.600112
4.600112
4.600112
4.600112
4.90132
5.250531
5.656469
6.092655
6.544926
7.005759
7.855961
8.063623
8.17417
8.233014
8.264339
8.289885
8.294624
8.297137
8.298484
8.299202
8.299579
8.299902
8.299902
8.299902
8.299902
8.299902
8.299902
8.299758
8.299794
8.299794
8.299866
8.299937
8.299937
8.299937
8.299937
8.299937
8.299937
8.299937
8.299937
8.299937
8.299937
8.299937
8.299937
8.299937
8.299937
8.241182
7.998585
7.649393
6.807323
6.35507
5.894237
5.428826
5.044143
4.725952
4.667089
4.635746
4.619033
4.610147
4.602894
4.601548
4.60083
4.600453
4.600255
4.60013
4.60013
4.60013
4.60013
4.60013
4.60013
4.60013
4.60013
4.60013
4.60013
4.60013
4.60013
4.60013
4.60013
4.60013
4.60013
4.60013
4.60013
4.60013
4.60013
4.60013
4.60013
4.60013
4.60013
4.60013
4.60013
4.60013
4.60013
4.60013
4.60013
4.60013
4.60013
4.60013
4.658795
4.901339
5.250531
5.656469
6.092655
6.544926
7.471188
7.855961
8.063623
8.17417
8.233014
8.281034
8.289885
8.294624
8.297137
8.298484
8.299202
8.299776
8.299902
8.299902
8.299902
8.299902
8.299902
8.299902
8.299776
8.299812
8.299848
8.299919
8.299919
8.299919
8.299919
8.299919
8.299919
8.299919
8.299919
8.299919
8.299919
8.299919
8.299919
8.299919
8.241164
7.998568
7.649393
7.243473
6.807341
5.894381
5.429005
5.04443
4.836767
4.726131
4.635782
4.619069
4.610165
4.60539
4.602877
4.600812
4.600435
4.600238
4.600112
4.600112
4.600112
4.600112
4.600112
4.600112
4.600112
4.600112
4.600112
4.600112
4.600112
4.600112
4.600112
4.600112
4.600112
4.600112
4.600112
4.600112
4.600112
4.600112
4.600112
4.600112
4.600112
4.600112
4.600112
4.600112
4.600112
4.600112
4.600112
4.600112
4.600112
4.600112
4.600112
4.600112
4.600112
4.600112
4.600112
4.600112
4.600112
4.600112
4.600112
4.600112
4.600112
4.600112
4.600112
4.600112
4.901536
5.250729
5.656612
6.092709
6.544926
7.005759
7.855961
8.063623
8.17417
8.233014
8.264339
8.289885
8.294624
8.297137
8.298484
8.299202
8.299776
8.299902
8.299902
8.299902
8.299902
8.299902
8.299902
8.299794
8.299848
8.299884
8.299919
8.299919
8.299919
8.299919
8.299919
8.299919
8.299919
8.299919
8.299919
8.299919
8.299919
8.299919
8.299919
8.299919
8.241164
7.998585
7.649393
6.807323
6.355052
5.894237
5.428826
5.044143
4.725952
4.667089
4.635746
4.619033
4.610147
4.602894
4.601548
4.60083
4.600453
4.600255
4.600112
4.600112
4.600112
4.600112
4.600112
4.600112
4.600112
4.600112
4.600112
4.600112
4.600112
4.600112
4.600112
4.600112
4.600112
4.600112
4.600112
4.600112
4.600112
4.600112
4.600112
4.600112
4.600112
4.600112
4.600112
4.600112
4.600112
4.600112
4.600112
4.600112
4.600112
4.600112
4.600112
4.658778
4.90132
5.250531
5.656469
6.544926
7.005759
7.471188
7.855961
8.063623
8.233014
8.264339
8.281034
8.289885
8.294624
8.297137
8.299202
8.299579
8.299776
8.299902
8.299902
8.299902
8.299902
8.299902
8.299902
8.299776
8.299776
8.299848
8.299919
8.299919
8.299919
8.299919
8.299919
8.299919
8.299919
8.299919
8.299919
8.299919
8.299919
8.299919
8.299919
8.241164
7.649393
7.243473
6.807323
6.35507
5.894237
5.044143
4.836498
4.725952
4.667089
4.635746
4.610147
4.605408
4.602894
4.601548
4.60083
4.600255
4.60013
4.60013
4.60013
4.60013
4.60013
4.60013
4.60013
4.60013
4.60013
4.60013
4.60013
4.60013
4.60013
4.60013
4.60013
4.60013
4.60013
4.60013
4.60013
4.60013
4.60013
4.60013
4.60013
4.60013
4.60013
4.60013
4.60013
4.60013
4.60013
4.60013
4.60013
4.60013
4.60013
4.658795
4.901339
5.250531
5.656469
6.544926
7.005759
7.471188
7.855961
8.063623
8.17417
8.264339
8.281034
8.289885
8.294624
8.297137
8.299202
8.299579
8.299776
8.299902
8.299902
8.299902
8.299902
8.299902
8.299902
8.299776
8.299812
8.299919
8.299919
8.299919
8.299919
8.299919
8.299919
8.299919
8.299919
8.299919
8.299919
8.299919
8.299919
8.299919
8.299919
8.299919
8.241164
7.649393
7.243473
6.807341
6.355142
5.894381
5.04443
4.836767
4.726131
4.667179
4.635782
4.610165
4.60539
4.602877
4.60153
4.600812
4.600435
4.600112
4.600112
4.600112
4.600112
4.600112
4.600112
4.600112
4.600112
4.600112
4.600112
4.600112
4.600112
4.600112
4.600112
4.600112
4.600112
4.600112
4.600112
4.600112
4.600112
4.600112
4.600112
4.600112
4.600112
4.600112
4.600112
4.600112
4.600112
4.600112
4.600112
4.600112
4.600112
4.600112
4.600112
4.600112
4.600112
4.600112
4.600112
4.600112
4.600112
4.600112
4.600112
4.600112
4.600112
4.600112
4.600112
4.658939
5.250729
5.656612
6.092709
6.544926
7.005759
7.855961
8.063623
8.17417
8.233014
8.264339
8.289885
8.294624
8.297137
8.298484
8.299202
8.299776
8.299902
8.299902
8.299902
8.299902
8.299902
8.299902
8.299794
8.299848
8.299884
8.299919
8.299919
8.299919
8.299919
8.299919
8.299919
8.299919
8.299919
8.299919
8.299919
8.299919
8.299919
8.299919
8.299919
8.241164
7.998585
7.243473
6.807323
6.355052
5.894237
5.428826
5.044143
4.725952
4.667089
4.635746
4.619033
4.610147
4.602894
4.601548
4.60083
4.600453
4.600255
4.600112
4.600112
4.600112
4.600112
4.600112
4.600112
4.600112
4.600112
4.600112
4.600112
4.600112
4.600112
4.600112
4.600112
4.600112
4.600112
4.600112
4.600112
4.600112
4.600112
4.600112
4.600112
4.600112
4.600112
4.600112
4.600112
4.600112
4.600112
4.600112
4.600112
4.600112
4.600112
4.600112
4.658778
4.90132
5.250531
5.656469
6.544926
7.005759
7.471188
7.855961
8.063623
8.233014
8.264339
8.281034
8.289885
8.294624
8.297137
8.298484
8.299202
8.299579
8.299776
8.299902
8.299902
8.299902
8.299902
8.299902
8.299902
8.299776
8.299812
8.299794
8.299866
8.299937
8.299937
8.299937
8.299937
8.299937
8.299937
8.299937
8.299937
8.299937
8.299937
8.299937
8.299937
8.299937
8.299937
8.299937
8.241182
7.998585
7.649393
7.243473
6.807323
6.35507
5.428826
5.044143
4.836498
4.725952
4.667089
4.635746
4.619033
4.605408
4.602894
4.601548
4.60083
4.600453
4.600255
4.60013
4.60013
4.60013
4.60013
4.60013
4.60013
4.60013
4.60013
4.60013
4.60013
4.60013
4.60013
4.60013
4.60013
4.60013
4.60013
4.60013
4.60013
4.60013
4.60013
4.60013
4.60013
4.60013
4.60013
4.60013
4.60013
4.60013
4.60013
4.60013
4.60013
4.60013
4.60013
4.60013
4.60013
4.60013
4.60013
4.60013
4.658795
4.901339
5.250531
5.656469
5.656469
6.092655
6.544926
7.005759
7.471188
7.855961
8.17417
8.233014
8.264339
8.281034
8.289885
8.294624
8.297137
8.298484
8.299202
8.299579
8.299776
8.299902
8.299902
8.299902
8.299902
8.299902
8.299902
8.299902
8.299776
8.299812
8.299812
8.299884
8.299919
8.299919
8.299919
8.299919
8.299919
8.299919
8.299919
8.299919
8.299919
8.299919
8.299919
8.299919
8.299919
7.998568
7.649393
7.243473
6.807341
6.355142
5.894381
5.429005
4.836767
4.726131
4.667179
4.635782
4.619069
4.610165
4.60539
4.602877
4.600812
4.600435
4.600238
4.600112
4.600112
4.600112
4.600112
4.600112
4.600112
4.600112
4.600112
4.600112
4.600112
4.600112
4.600112
4.600112
4.600112
4.600112
4.600112
4.600112
4.600112
4.600112
4.600112
4.600112
4.600112
4.600112
4.600112
4.600112
4.600112
4.600112
4.600112
4.600112
4.600112
4.600112
4.600112
4.600112
4.600112
4.600112
4.600112
4.600112
4.600112
4.600112
4.600112
4.600112
4.600112
4.600112
4.600112
4.600112
4.600112
4.600112
4.600112
4.658939
4.901536
5.250729
5.656612
6.092709
6.544926
7.471188
7.855961
8.063623
8.17417
8.233014
8.264339
8.281034
8.294624
8.297137
8.298484
8.299202
8.299579
8.299776
8.299902
8.299902
8.299902
8.299902
8.299902
8.299902
8.299794
8.299848
8.299884
8.299919
8.299919
8.299919
8.299919
8.299919
8.299919
8.299919
8.299919
8.299919
8.299919
8.299919
8.299919
8.299919
8.299919
8.241164
7.998585
7.649393
7.243473
6.807323
6.355052
5.428826
5.044143
4.836498
4.725952
4.667089
4.635746
4.619033
4.610147
4.605408
4.602894
4.601548
4.600453
4.600255
4.600112
4.600112
4.600112
4.600112
4.600112
4.600112
4.600112
4.600112
4.600112
4.600112
4.600112
4.600112
4.600112
4.600112
4.600112
4.600112
4.600112
4.600112
4.600112
4.600112
4.600112
4.600112
4.600112
4.600112
4.600112
4.600112
4.600112
4.600112
4.600112
4.600112
4.600112
4.600112
4.600112
4.600112
4.600112
4.658778
4.90132
5.250531
6.092655
6.544926
7.005759
7.471188
7.855961
8.063623
8.17417
8.264339
8.281034
8.289885
8.294624
8.297137
8.298484
8.299579
8.299776
8.299902
8.299902
8.299902
8.299902
8.299902
8.299902
8.299776
8.299812
8.299794
8.299866
8.299937
8.299937
8.299937
8.299937
8.299937
8.299937
8.299937
8.299937
8.299937
8.299937
8.299937
8.299937
8.299937
8.241182
7.998585
7.243473
6.807323
6.35507
5.894237
5.428826
5.044143
4.725952
4.667089
4.635746
4.619033
4.610147
4.605408
4.602894
4.601548
4.600453
4.600255
4.60013
4.60013
4.60013
4.60013
4.60013
4.60013
4.60013
4.60013
4.60013
4.60013
4.60013
4.60013
4.60013
4.60013
4.60013
4.60013
4.60013
4.60013
4.60013
4.60013
4.60013
4.60013
4.60013
4.60013
4.60013
4.60013
4.60013
4.60013
4.60013
4.60013
4.60013
4.60013
4.60013
4.658795
4.901339
5.250531
5.656469
6.544926
7.005759
7.471188
7.855961
