0
0
0
0
0
0
0
0
0
0
0
0
0
0
0
0
0
0
0
0
0
0
0
0
0
0
0
0
0
0
0
0
0
0
0
0
0
0
0
0
0
0
0
0
0
0
0
0
0
0
0
0
0
0
0
0
0
0
0
0
0
0
0
0
0
0
0
0
0
0
0
0
0
0
0
0
0
0
0
0.05871942
0.3012803
0.6504912
1.056447
1.944903
2.405737
2.871148
3.338982
4.2779
4.748068
5.218434
5.688908
6.159435
7.100633
7.571214
7.911969
8.093441
8.241451
8.268809
8.283404
8.29116
8.297478
8.298663
8.299292
8.299632
8.299794
8.299902
8.299902
8.299902
8.299902
8.299794
8.299829
8.299866
8.299919
8.299919
8.299919
8.299919
8.299919
8.299919
8.299919
8.299919
8.299919
8.299919
8.299919
8.299919
8.299919
8.299919
8.241164
7.998568
7.649393
7.243473
6.355052
5.894255
5.428844
4.961027
4.022109
3.603193
3.367956
3.24269
3.176018
3.121571
3.111501
3.106151
3.103297
3.100945
3.100514
3.100299
3.100155
3.100119
3.100119
3.100119
3.100119
3.100119
3.100119
3.100119
3.100119
3.100119
3.100119
3.100119
3.100119
3.100119
3.100119
3.100119
3.100119
3.100119
3.100119
3.100119
3.100119
3.100119
3.100119
3.100119
3.100119
3.100119
3.100119
3.100119
3.100119
3.100119
3.100119
3.100119
3.158785
3.401346
3.750556
4.592662
5.044933
5.505748
5.971177
6.908103
7.377912
7.7969
8.03219
8.224111
8.259619
8.278522
8.288574
8.293923
8.298304
8.299094
8.299524
8.29974
8.299902
8.299902
8.299902
8.299902
8.299902
8.299758
8.299794
8.299812
8.299884
8.299937
8.299937
8.299937
8.299937
8.299937
8.299937
8.299937
8.299937
8.299937
8.299937
8.299937
8.299937
8.299937
8.241182
7.998585
7.649393
7.243473
6.35507
5.894237
5.428826
4.961027
4.491918
3.603193
3.367956
3.24269
3.176018
3.121571
3.111501
3.106151
3.103297
3.100945
3.100514
3.100281
3.100137
3.100119
3.100101
3.100101
3.100101
3.100101
3.100101
3.100101
3.100101
3.100101
3.100101
3.100101
3.100101
3.100101
3.100101
3.100101
3.100101
3.100101
3.100101
3.100101
3.100101
3.100101
3.100101
3.100101
3.100101
3.100101
3.100101
3.100101
3.100101
3.100101
3.100101
3.158785
3.401346
3.750539
4.156458
4.592644
5.505748
5.971177
6.438993
6.908103
7.7969
8.03219
8.157438
8.224111
8.278522
8.288574
8.293923
8.296778
8.298304
8.299524
8.29974
8.299884
8.299902
8.299902
8.299902
8.299902
8.299902
8.299812
8.299848
8.299919
8.299919
8.299919
8.299919
8.299919
8.299919
8.299919
8.299919
8.299919
8.299919
8.299919
8.299919
8.299919
8.299919
8.241164
7.998585
7.243473
6.807341
6.355142
5.894381
4.961207
4.492098
4.022289
3.603408
3.242887
3.176108
3.140564
3.121607
3.106151
3.103279
3.101735
3.100927
3.100496
3.100137
3.100101
3.100101
3.100101
3.100101
3.100101
3.100101
3.100101
3.100101
3.100101
3.100101
3.100101
3.100101
3.100101
3.100101
3.100101
3.100101
3.100101
3.100101
3.100101
3.100101
3.100101
3.100101
3.100101
3.100101
3.100101
3.100101
3.100101
3.100101
3.100101
3.100101
3.100101
3.100101
3.100101
3.100101
3.100101
3.100101
3.100101
3.100101
3.100101
3.100101
3.100101
3.100101
3.158946
3.401543
3.750736
4.592698
5.044915
5.505748
5.971177
6.438993
7.377912
7.7969
8.03219
8.157438
8.259619
8.278522
8.288574
8.293923
8.298304
8.299094
8.299524
8.29974
8.299884
8.299902
8.299902
8.299902
8.299902
8.299902
8.299848
8.299884
8.299937
8.299937
8.299937
8.299937
8.299937
8.299937
8.299937
8.299937
8.299937
8.299937
8.299937
8.299937
8.299937
8.299937
8.241182
8.241182
7.649393
7.243473
6.582623
6.125416
5.661962
5.195151
4.726598
4.257076
3.467192
3.295521
3.204148
3.155482
3.129542
3.115737
3.104499
3.102399
3.101286
3.100694
3.10037
3.100227
3.100119
3.100119
3.100119
3.100119
3.100119
3.100119
3.100119
3.100119
3.100119
3.100119
3.100119
3.100119
3.100119
3.100119
3.100119
3.100119
3.100119
3.100119
3.100119
3.100119
3.100119
3.100119
3.100119
3.100119
3.100119
3.100119
3.100119
3.100119
3.100119
3.100119
3.100119
3.100119
3.158785
3.401346
3.750556
4.156494
5.044933
5.505748
5.971177
6.438993
6.908103
7.7969
8.03219
8.157438
8.224111
8.259619
8.278522
8.293923
8.296778
8.298304
8.299094
8.299524
8.299884
8.299902
8.299902
8.299902
8.299902
8.299902
8.299776
8.299812
8.299794
8.299866
8.299937
8.299937
8.299937
8.299937
8.299937
8.299937
8.299937
8.299937
8.299937
8.299937
8.299937
8.299937
8.299937
8.241182
7.998585
7.649393
6.807323
6.35507
5.894237
5.428826
4.96101
4.022109
3.603193
3.367956
3.24269
3.176018
3.140492
3.111501
3.106151
3.103297
3.101753
3.100945
3.100281
3.100137
3.100119
3.100119
3.100119
3.100119
3.100119
3.100119
3.100119
3.100119
3.100119
3.100119
3.100119
3.100119
3.100119
3.100119
3.100119
3.100119
3.100119
3.100119
3.100119
3.100119
3.100119
3.100119
3.100119
3.100119
3.100119
3.100119
3.100119
3.100119
3.100119
3.100119
3.100119
3.100119
3.100119
3.158785
3.401346
3.750539
4.592644
5.044915
5.505748
5.971177
6.438993
7.377912
7.7969
8.03219
8.157438
8.224111
8.259619
8.288574
8.293923
8.296778
8.298304
8.299094
8.29974
8.299884
8.299902
8.299902
8.299902
8.299902
8.299902
8.299776
8.299812
8.299794
8.299866
8.299937
8.299937
8.299937
8.299937
8.299937
8.299937
8.299937
8.299937
8.299937
8.299937
8.299937
8.299937
8.299937
8.241182
7.998585
7.649393
6.807341
6.355142
5.894381
5.429005
4.961207
4.022289
3.603408
3.368189
3.242887
3.176108
3.121607
3.111518
3.106151
3.103279
3.101735
3.100927
3.100281
3.100137
3.100101
3.100101
3.100101
3.100101
3.100101
3.100101
3.100101
3.100101
3.100101
3.100101
3.100101
3.100101
3.100101
3.100101
3.100101
3.100101
3.100101
3.100101
3.100101
3.100101
3.100101
3.100101
3.100101
3.100101
3.100101
3.100101
3.100101
3.100101
3.100101
3.100101
3.100101
3.100101
3.100101
3.100101
3.100101
3.100101
3.100101
3.100101
3.100101
3.100101
3.100101
3.100101
3.100101
3.100101
3.158946
3.401543
3.750736
4.592698
5.044915
5.505748
5.971177
6.438993
7.377912
7.7969
8.03219
8.157438
8.224111
8.278522
8.288574
8.293923
8.296778
8.298304
8.299524
8.29974
8.299884
8.299902
8.299902
8.299902
8.299902
8.299902
8.299758
8.299794
8.299776
8.299848
8.299919
8.299919
8.299919
8.299919
8.299919
8.299919
8.299919
8.299919
8.299919
8.299919
8.299919
8.299919
8.241164
7.998568
7.649393
7.243473
6.355052
5.894255
5.428844
4.961027
4.491918
3.603193
3.367956
3.24269
3.176018
3.140492
3.121571
3.106151
3.103297
3.101753
3.100945
3.100514
3.100155
3.100137
3.100137
3.100137
3.100137
3.100137
3.100137
3.100137
3.100137
3.100137
3.100137
3.100137
3.100137
3.100137
3.100137
3.100137
3.100137
3.100137
3.100137
3.100137
3.100137
3.100137
3.100137
3.100137
3.100137
3.100137
3.100137
3.100137
3.100137
3.100137
3.100137
3.100137
3.100137
3.100137
3.158803
3.401346
3.750556
4.156494
5.044933
5.505748
5.971177
6.438993
6.908103
7.7969
8.03219
8.157438
8.224111
8.278522
8.288574
8.293923
8.296778
8.299094
8.299524
8.29974
8.299884
8.299902
8.299902
8.299902
8.299902
8.299902
8.299812
8.299794
8.299866
8.299937
8.299937
8.299937
8.299937
8.299937
8.299937
8.299937
8.299937
8.299937
8.299937
8.299937
8.299937
8.299937
8.299937
7.998585
7.649393
7.243473
6.807323
5.894237
5.428826
4.96101
4.491918
3.603193
3.367956
3.24269
3.176018
3.140492
3.111501
3.106151
3.103297
3.101753
3.100514
3.100281
3.100137
3.100119
3.100119
3.100119
3.100119
3.100119
3.100119
3.100119
3.100119
3.100119
3.100119
3.100119
3.100119
3.100119
3.100119
3.100119
3.100119
3.100119
3.100119
3.100119
3.100119
3.100119
3.100119
3.100119
3.100119
3.100119
3.100119
3.100119
3.100119
3.100119
3.100119
3.100119
3.158785
3.401346
3.750539
4.156458
5.044915
5.505748
5.971177
6.438993
7.377912
7.7969
8.03219
8.157438
8.259619
8.278522
8.288574
8.293923
8.298304
8.299094
8.299524
8.29974
8.299884
8.299902
8.299902
8.299902
8.299902
8.299776
8.299812
8.299829
8.299902
8.299919
8.299919
8.299919
8.299919
8.299919
8.299919
8.299919
8.299919
8.299919
8.299919
8.299919
8.299919
8.299919
8.241164
7.998585
7.649393
7.243473
6.355142
5.894381
5.429005
4.961207
4.022289
3.603408
3.368189
3.242887
3.176108
3.121607
3.111518
3.106151
3.103279
3.100927
3.100496
3.100281
3.100137
3.100101
3.100101
3.100101
3.100101
3.100101
3.100101
3.100101
3.100101
3.100101
3.100101
3.100101
3.100101
3.100101
3.100101
3.100101
3.100101
3.100101
3.100101
3.100101
3.100101
3.100101
3.100101
3.100101
3.100101
3.100101
3.100101
3.100101
3.100101
3.100101
3.100101
3.100101
3.100101
3.100101
3.100101
3.100101
3.100101
3.100101
3.100101
3.100101
3.100101
3.100101
3.100101
3.158946
3.401543
3.750736
4.156602
5.044915
5.505748
5.971177
6.438993
6.908103
7.7969
8.03219
8.157438
8.259619
8.278522
8.288574
8.293923
8.296778
8.299094
8.299524
8.29974
8.299884
8.299902
8.299902
8.299902
8.299902
8.299794
8.299848
8.299884
8.299919
8.299919
8.299919
8.299919
8.299919
8.299919
8.299919
8.299919
8.299919
8.299919
8.299919
8.299919
8.299919
8.299919
8.241164
7.998568
7.649393
7.243473
6.355052
5.894255
5.428826
4.961027
4.491918
3.603193
3.367956
3.24269
3.176018
3.121571
3.111501
3.106151
3.103297
3.100945
3.100514
3.100299
3.100155
3.100119
3.100119
3.100119
3.100119
3.100119
3.100119
3.100119
3.100119
3.100119
3.100119
3.100119
3.100119
3.100119
3.100119
3.100119
3.100119
3.100119
3.100119
3.100119
3.100119
3.100119
3.100119
3.100119
3.100119
3.100119
3.100119
3.100119
3.100119
3.100119
3.100119
3.100119
3.158785
3.401346
3.750556
4.592662
5.044933
5.505748
5.971177
6.908103
7.377912
7.7969
8.03219
8.224111
8.259619
8.278522
8.288574
8.293923
8.298304
8.299094
8.299524
8.29974
8.299902
8.299902
8.299902
8.299902
8.299902
8.299776
8.299812
8.299794
8.299937
8.299937
8.299937
8.299937
8.299937
8.299937
8.299937
8.299937
8.299937
8.299937
8.299937
8.299937
8.299937
8.241182
7.998585
7.649393
7.243473
6.35507
5.894237
5.428826
4.96101
4.022109
3.603193
3.367956
3.24269
3.140492
3.121571
3.111501
3.106151
3.103297
3.100945
3.100514
3.100281
3.100137
3.100119
3.100119
3.100119
3.100119
3.100119
3.100119
3.100119
3.100119
3.100119
3.100119
3.100119
3.100119
