0
0
0
0
0
0
0
0
0
0
0
0
0
0
0
0
0
0
0
0
0
0
0
0
0
0
0
0
0
0
0
0
0
0
0
0
0
0
0
0
0
0
0
0
0
0
0
0
0
0
0
0
0
0
0
0
0
0
0
0
0
0
0
0
0
0
0
0
0
0
0
0
0
0
0
0
0
0
0
0
0
0
0
0
0
0.05871942
0.6504912
1.056447
1.492633
1.944903
2.405737
3.338982
3.808091
4.2779
4.748068
5.218434
5.688908
6.630016
7.100633
7.571214
7.911969
8.093441
8.241451
8.268809
8.283404
8.29116
8.295288
8.298663
8.299292
8.299632
8.299794
8.299902
8.299902
8.299902
8.299902
8.299902
8.299794
8.299829
8.299866
8.299919
8.299919
8.299919
8.299919
8.299919
8.299919
8.299919
8.299919
8.299919
8.299919
8.299919
8.299919
8.299919
8.299919
8.241164
7.998585
7.649393
6.807323
6.355052
5.894237
5.428826
4.96101
4.491918
3.603193
3.367956
3.24269
3.176018
3.140492
3.121571
3.106151
3.103297
3.101753
3.100945
3.100514
3.100281
3.100119
3.100119
3.100119
3.100119
3.100119
3.100119
3.100119
3.100119
3.100119
3.100119
3.100119
3.100119
3.100119
3.100119
3.100119
3.100119
3.100119
3.100119
3.100119
3.100119
3.100119
3.100119
3.100119
3.100119
3.100119
3.100119
3.100119
3.100119
3.100119
3.100119
3.100119
3.100119
3.100119
3.401328
4.15644
4.592626
5.044915
5.505766
6.438993
6.908103
7.377912
7.7969
8.03219
8.224111
8.259619
8.278522
8.296778
8.299884
8.299902
8.299794
8.299919
8.299919
8.299919
8.299919
8.299919
8.299919
8.299919
8.241164
7.998585
7.243473
6.807323
6.355052
5.428826
4.96101
4.491918
4.022109
3.367956
3.24269
3.176018
3.121571
3.111501
3.106151
3.101753
3.100945
3.100514
3.100137
3.100119
3.100119
3.100119
3.100119
3.100119
3.100119
3.100119
3.100119
3.100119
3.100119
3.100119
3.100119
3.100119
3.100119
3.100119
3.100119
3.100119
3.100119
3.100119
3.100119
3.100119
3.100119
3.100119
3.100119
3.100119
3.100119
3.100119
3.100119
3.100119
3.100119
3.100119
3.158785
3.401328
4.156476
4.592644
5.044915
5.505748
6.438993
6.908103
7.377912
7.7969
8.03219
8.224111
8.259619
8.278522
8.288574
8.293923
8.298304
8.299094
8.299524
8.29974
8.299884
8.299902
8.299902
8.299902
8.299902
8.299902
8.299902
8.299902
8.299776
8.299866
8.299919
8.299919
8.299919
8.299919
8.299919
8.299919
8.299919
8.299919
8.299919
8.299919
8.299919
8.299919
8.299919
8.299919
8.241164
7.649393
7.243473
6.807323
6.35507
5.428826
4.96101
4.491918
4.022109
3.367956
3.24269
3.176018
3.140492
3.111501
3.106151
3.103297
3.101753
3.100945
3.100281
3.100137
3.100119
3.100101
3.100101
3.100101
3.100101
3.100101
3.100101
3.100101
3.100101
3.100101
3.100101
3.100101
3.100101
3.100101
3.100101
3.100101
3.100101
3.100101
3.100101
3.100101
3.100101
3.100101
3.100101
3.100101
3.100101
3.100101
3.100101
3.100101
3.100101
3.100101
3.100101
3.100101
3.100101
3.100101
3.100101
3.100101
3.100101
3.100101
3.100101
3.100101
3.100101
3.100101
3.100101
3.100101
3.100101
3.100101
3.100101
3.401346
3.750556
4.156476
4.592644
5.505748
5.971177
6.438993
7.377912
7.7969
8.03219
8.157438
8.224111
8.278522
8.288574
8.293923
8.296778
8.299094
8.299524
8.29974
8.299884
8.299902
8.299902
8.299902
8.299902
8.299902
8.299848
8.299884
8.299919
8.299919
8.299919
8.299919
8.299919
8.299919
8.299919
8.299919
8.299919
8.299919
8.299919
8.299919
8.299919
8.299919
8.299919
8.299919
7.998585
7.649393
7.243473
6.807323
6.355052
5.428826
4.96101
4.491918
4.022109
3.367956
3.24269
3.176018
3.140492
3.121571
3.106151
3.103297
3.101753
3.100945
3.100281
3.100137
3.100119
3.099958
3.099778
3.09967
3.09985
3.09994
3.100012
3.09994
3.099742
3.099527
3.099383
3.099347
3.099347
3.099311
3.099311
3.099293
3.099329
3.099311
3.099276
3.099491
3.099868
3.099904
3.099904
3.099904
3.099904
3.099904
3.099904
3.099904
3.099904
3.099904
3.099904
3.099904
3.099904
3.401238
3.750449
4.156422
4.592608
5.044897
5.971177
6.438993
6.908103
7.377912
8.03219
8.157438
8.224111
8.259619
8.288574
8.293923
8.296778
8.298304
8.299524
8.29974
8.299884
8.299902
8.299902
8.299902
8.299902
8.299902
8.299758
8.299812
8.299794
8.299937
8.299937
8.299937
8.299937
8.299937
8.299937
8.299937
8.299937
8.299937
8.299937
8.299937
8.299937
8.299937
8.241182
7.998585
7.649393
7.243473
6.355052
5.894237
5.428826
4.96101
4.022109
3.603193
3.367956
3.24269
3.140492
3.121571
3.111501
3.106151
3.103297
3.100945
3.100514
3.100281
3.100137
3.100119
3.099886
3.099922
3.100012
3.100012
3.100012
3.100012
3.100012
3.100012
3.100012
3.100012
3.100012
3.100012
3.100012
3.100012
3.100012
3.100012
3.100012
3.100012
3.100012
3.100012
3.100012
3.100012
3.100012
3.100012
3.100012
3.100012
3.100012
3.100012
3.100012
3.100012
3.158713
3.401274
3.750485
4.156458
5.044915
5.505748
5.971177
6.438993
7.377912
7.7969
8.03219
8.157438
8.259619
8.278522
8.288574
8.293923
8.296778
8.299094
8.299524
8.29974
8.299884
8.299902
8.299902
8.299902
8.299902
8.299902
8.299812
8.299794
8.299866
8.299937
8.299937
8.299937
8.299937
8.299937
8.299937
8.299937
8.299937
8.299937
8.299937
8.299937
8.299937
8.299937
7.998585
7.649393
7.243473
6.807323
6.35507
5.428826
4.961027
4.491918
4.022109
3.367956
3.24269
3.176018
3.140492
3.111501
3.106151
3.103297
3.101753
3.100945
3.100281
3.100137
3.100119
3.100119
3.100119
3.100119
3.100119
3.100119
3.100119
3.100119
3.100119
3.100119
3.100119
3.100119
3.100119
3.100119
3.100119
3.100119
3.100119
3.100119
3.100119
3.100119
3.100119
3.100119
3.100119
3.100119
3.100119
3.100119
3.100119
3.100119
3.100119
3.100119
3.100119
3.100119
3.100119
3.100119
3.100119
3.100119
3.100119
3.100119
3.100119
3.100119
3.100119
3.100119
3.100119
3.100119
3.100119
3.158785
3.401346
3.750556
4.156476
4.592644
5.505748
5.971177
6.438993
6.908103
7.7969
8.03219
8.157438
8.224111
8.259619
8.288574
8.293923
8.296778
8.298304
8.299524
8.29974
8.299884
8.299902
8.299902
8.299902
8.299902
8.299902
8.299848
8.299884
8.299902
8.299919
8.299919
8.299919
8.299919
8.299919
8.299919
8.299919
8.299919
8.299919
8.299919
8.299919
8.299919
8.299919
8.299919
8.241164
7.649393
7.243473
6.807323
6.355052
5.428826
4.96101
4.491918
4.022109
3.367956
3.24269
3.176018
3.140492
3.121571
3.106151
3.103297
3.101753
3.100945
3.100281
3.100137
3.100119
3.100119
3.09985
3.099832
3.09976
3.099653
3.099581
3.099742
3.099581
3.099419
3.099491
3.099509
3.099401
3.099419
3.099455
3.099491
3.099509
3.099491
3.099491
3.099688
3.099904
3.099904
3.099904
3.099904
3.099904
3.099904
3.099904
3.099904
3.099904
3.099904
3.099904
3.099904
3.099904
3.401238
3.750449
4.156422
4.592608
5.505766
5.971177
6.438993
6.908103
7.377912
8.03219
8.157438
8.224111
8.259619
8.288574
8.293923
8.296778
8.298304
8.299524
8.29974
8.299884
8.299902
8.299902
8.299902
8.299902
8.299902
8.299758
8.299794
8.299866
8.299937
8.299937
8.299937
8.299937
8.299937
8.299937
8.299937
8.299937
8.299937
8.299937
8.299937
8.299937
8.299937
8.299937
8.241182
7.649393
7.243473
6.807323
6.355052
5.894237
4.96101
4.491918
4.022109
3.603193
3.24269
3.176018
3.140492
3.121571
3.106151
3.103297
3.101753
3.100945
3.100281
3.100137
3.100119
3.100155
3.098504
3.100191
3.099186
3.099634
3.099706
3.099904
3.099904
3.09985
3.099868
3.099868
3.099868
3.099904
3.099904
3.099904
3.099922
3.099922
3.09994
3.09994
3.09994
3.09994
3.09994
3.09994
3.09994
3.09994
3.09994
3.09994
3.09994
3.09994
3.09994
3.09994
3.09994
3.09994
3.09994
3.158659
3.401256
3.750467
4.592626
5.044915
5.505748
5.971177
6.908103
7.377912
7.7969
8.03219
8.157438
8.259619
8.278522
8.288574
8.293923
8.298304
8.299094
8.299524
8.29974
8.299902
8.299902
8.299902
8.299902
8.299902
8.299758
8.299812
8.299794
8.299866
8.299937
8.299937
8.299937
8.299937
8.299937
8.299937
8.299937
8.299937
8.299937
8.299937
8.299937
8.299937
8.299937
8.241182
7.998585
7.649393
7.243473
6.35507
5.894237
5.428826
4.961027
4.022109
3.603193
3.367956
3.24269
3.140492
3.121571
3.111501
3.106151
3.103297
3.100945
3.100514
3.100281
3.100137
3.100119
3.100119
3.100119
3.100119
3.100119
3.100119
3.100119
3.100119
3.100119
3.100119
3.100119
3.100119
3.100119
3.100119
3.100119
3.100119
3.100119
3.100119
3.100119
3.100119
3.100119
3.100119
3.100119
3.100119
3.100119
3.100119
3.100119
3.100119
3.100119
3.100119
3.100119
3.100119
3.100119
3.100119
3.100119
3.100119
3.100119
3.100119
3.100119
3.100119
3.100119
3.100119
3.100119
3.100119
3.100119
3.158785
3.401346
4.156476
4.592644
5.044915
5.505748
6.438993
6.908103
7.377912
7.7969
8.03219
8.224111
8.259619
8.278522
8.288574
8.296778
8.298304
8.299094
8.299524
8.299884
8.299902
8.299902
8.299902
8.299902
8.299902
8.299794
8.299848
8.299884
8.299919
8.299919
8.299919
8.299919
8.299919
8.299919
8.299919
8.299919
8.299919
8.299919
8.299919
8.299919
8.299919
8.299919
8.241164
7.998585
7.649393
6.807323
6.355052
5.894237
5.428808
4.491918
4.022109
3.603193
3.367956
3.24269
3.140492
3.121571
3.111501
3.106151
3.101753
3.100945
3.100514
3.100281
3.100137
3.099993
3.099886
3.099688
3.100012
3.100281
3.100335
3.100263
3.100119
3.100083
3.100065
3.100065
3.100065
3.100065
3.100065
3.100065
3.100065
3.100065
3.100065
3.100065
3.100065
3.100065
3.100065
3.100065
3.100065
3.100065
3.100065
3.100065
3.100065
3.100065
3.100065
3.100065
3.100065
3.158731
3.401274
4.15644
4.592626
5.044915
5.505766
5.971177
6.908103
7.377912
7.7969
8.03219
8.224111
8.259619
8.278522
8.288574
8.293923
8.298304
8.299094
8.299524
8.29974
8.299902
8.299902
8.299902
8.299902
8.299902
8.299758
8.299812
8.299794
8.299866
8.299937
8.299937
8.299937
8.299937
8.299937
8.299937
8.299937
8.299937
8.299937
8.299937
8.299937
8.299937
8.299937
8.241182
7.998585
7.649393
7.243473
6.355052
5.894237
5.428826
4.96101
4.022109
3.603193
3.367956
3.24269
3.140492
3.121571
3.111501
3.106151
3.103297
3.100945
3.100514
3.100281
3.100137
3.100137
3.099204
3.098216
3.099006
3.096619
3.098288
3.099096
3.099527
3.099742
3.099904
