0
0
0
0
0
0
0
0
0
0
0
0
0
0
0
0
0
0
0
0
0
0
0
0
0
0
0
0
0
0
0
0
0
0
0
0
0
0
0
0
0
0
0
0
0
0
0
0
0
0
0
0
0
0
0
0
0
0
0
0
0
0
0
0
0
0
0
0
0
0
0
0
0
0
0
0
0
0
0
0
0
0
0
0
0
0
0
0
0.1001434
0.5127716
1.106461
1.796585
2.538071
3.3069
4.090332
5.097473
5.285645
5.385834
5.439194
5.467621
5.482758
5.490814
5.495102
5.497375
5.499252
5.499603
5.499786
5.499908
5.499908
5.499908
5.499908
5.499908
5.499908
5.499908
5.499908
5.499908
5.499908
5.499908
5.499908
5.499908
5.499908
5.499908
5.499908
5.499908
5.499908
5.499908
5.499908
5.499908
5.499908
5.499908
5.499908
5.499908
5.499908
5.499908
5.499908
5.499908
5.499908
5.499908
5.399811
4.987198
4.393509
3.7034
2.705856
2.516129
2.4151
2.361313
2.332672
2.317413
2.30928
2.304932
2.301392
2.300751
2.3004
2.300217
2.300095
2.300079
2.300079
2.300079
2.300079
2.300079
2.300079
2.300079
2.300079
2.300079
2.300079
2.300079
2.300079
2.300079
2.300079
2.300079
2.300079
2.300079
2.300079
2.300079
2.300079
2.300079
2.300079
2.300079
2.300079
2.300079
2.300079
2.300079
2.300079
2.300079
2.300079
2.300079
2.300079
2.300079
2.300079
2.300079
2.300079
2.300079
2.300079
2.300079
2.400177
2.81279
3.406479
4.096588
4.737946
5.094147
5.283875
5.384903
5.467331
5.48259
5.490723
5.495071
5.497375
5.498596
5.499252
5.499603
5.499908
5.499908
5.499908
5.499908
5.499908
5.499908
5.499908
5.499908
5.499908
5.499908
5.499908
5.499908
5.499908
5.499908
5.499908
5.499908
5.499908
5.499908
5.499908
5.499908
5.499908
5.499908
5.499908
5.499908
5.499908
5.499908
5.499908
5.499908
5.499908
5.499908
5.420792
5.317596
5.262619
5.217758
5.209473
5.205063
5.202698
5.201447
5.200775
5.200409
5.200226
5.200089
5.200089
5.200089
5.200089
5.200089
5.200089
5.200089
5.200089
5.200089
5.200089
5.200089
5.200089
5.200089
5.200089
5.200089
5.200089
5.200089
5.200089
5.200089
5.200089
5.200089
5.200089
5.200089
5.200089
5.200089
5.200089
5.200089
5.200089
5.200089
5.200089
5.200089
5.200089
5.200089
5.200089
5.200089
5.200089
5.200089
5.200089
5.200089
5.200089
5.200089
5.200089
5.200089
5.200089
5.200089
5.200089
5.279205
5.279205
5.382401
5.382401
5.437378
5.46666
5.482239
5.49054
5.494949
5.497299
5.49855
5.499222
5.499588
5.499771
5.499893
5.499908
5.499908
5.499908
5.499908
5.499908
5.499908
5.499908
5.499908
5.499908
5.499908
5.499908
5.499908
5.499908
5.499908
5.499908
5.499908
5.499908
5.499908
5.499908
5.499908
5.499908
5.499908
5.499908
5.499908
5.499908
5.499908
5.499908
5.499908
5.499908
5.499908
5.499908
5.499908
5.499908
5.399811
5.399811
4.461548
4.152298
3.98761
3.98761
3.899902
3.853195
3.828323
3.815063
3.808014
3.80426
3.802277
3.801208
3.800644
3.800339
3.800079
3.800079
3.800079
3.800079
3.800079
3.800079
3.800079
3.800079
3.800079
3.800079
3.800079
3.800079
3.800079
3.800079
3.800079
3.800079
3.800079
3.800079
3.800079
3.800079
3.800079
3.800079
3.800079
3.800079
3.800079
3.800079
3.800079
3.800079
3.800079
3.800079
3.800079
3.800079
3.800079
3.800079
3.800079
3.800079
3.800079
3.800079
3.800079
3.800079
3.800079
3.800079
3.800079
3.800079
3.800079
3.800079
3.900177
4.83844
5.14769
5.312378
5.400101
5.47168
5.48494
5.491989
5.495743
5.498795
5.499664
5.499908
5.499908
5.499908
5.499908
5.499908
5.499908
5.499908
5.499908
5.499908
5.499908
5.499908
5.499908
5.499908
5.499908
5.499908
5.499908
5.499908
5.499908
5.499908
5.499908
5.499908
5.499908
5.499908
5.499908
5.499908
5.499908
5.499908
5.499908
5.499908
5.499908
5.399811
4.987198
4.393509
3.7034
3.062057
2.705856
2.516129
2.4151
2.332672
2.317413
2.30928
2.304932
2.302628
2.301392
2.3004
2.300217
2.300095
2.300079
2.300079
2.300079
2.300079
2.300079
2.300079
2.300079
2.300079
2.300079
2.300079
2.300079
2.300079
2.300079
2.300079
2.300079
2.300079
2.300079
2.300079
2.300079
2.300079
2.300079
2.300079
2.300079
2.300079
2.300079
2.300079
2.300079
2.300079
2.300079
2.300079
2.300079
2.300079
2.300079
2.300079
2.300079
2.300079
2.300079
2.300079
2.300079
2.300079
2.400177
3.406479
4.096588
4.737946
5.094147
5.283875
5.384903
5.43869
5.467331
5.490723
5.495071
5.497375
5.498596
5.499252
5.499603
5.499908
5.499908
5.499908
5.499908
5.499908
5.499908
5.499908
5.499908
5.499908
5.499908
5.499908
5.499908
5.499908
5.499908
5.499908
5.499908
5.499908
5.499908
5.499908
5.499908
5.499908
5.499908
5.499908
5.499908
5.499908
5.499908
5.499908
5.499908
5.499908
5.499908
5.499908
5.420792
5.262619
5.262619
5.233353
5.217758
5.209473
5.205063
5.202698
5.201447
5.201447
5.200409
5.200226
5.200104
5.200089
5.200089
5.200089
5.200089
5.200089
5.200089
5.200089
5.200089
5.200089
5.200089
5.200089
5.200089
5.200089
5.200089
5.200089
5.200089
5.200089
5.200089
5.200089
5.200089
5.200089
5.200089
5.200089
5.200089
5.200089
5.200089
5.200089
5.200089
5.200089
5.200089
5.200089
5.200089
5.200089
5.200089
5.200089
5.200089
5.200089
5.200089
5.200089
5.200089
5.200089
5.200089
5.200089
5.200089
5.200089
5.200089
5.200089
5.200089
5.382401
5.437378
5.46666
5.482239
5.494949
5.497299
5.49855
5.499222
5.499222
5.499588
5.499771
5.499893
5.499908
5.499908
5.499908
5.499908
5.499908
5.499908
5.499908
5.499908
5.499908
5.499908
5.499908
5.499908
5.499908
5.499908
5.499908
5.499908
5.499908
5.499908
5.499908
5.499908
5.499908
5.499908
5.499908
5.499908
5.499908
5.499908
5.499908
5.499908
5.499908
5.499908
5.499908
5.499908
5.499908
5.499908
5.399811
4.461548
4.461548
4.152298
3.98761
3.899902
3.853195
3.828323
3.808014
3.80426
3.80426
3.802277
3.801208
3.801208
3.800644
3.800339
3.800186
3.800079
3.800079
3.800079
3.800079
3.800079
3.800079
3.800079
3.800079
3.800079
3.800079
3.800079
3.800079
3.800079
3.800079
3.800079
3.800079
3.800079
3.800079
3.800079
3.800079
3.800079
3.800079
3.800079
3.800079
3.800079
3.800079
3.800079
3.800079
3.800079
3.800079
3.800079
3.800079
3.800079
3.800079
3.800079
3.800079
3.800079
3.900177
4.83844
5.14769
5.312378
5.446808
5.48494
5.495743
5.497726
5.499359
5.499664
5.499908
5.499908
5.499908
5.499908
5.499908
5.499908
5.499908
5.499908
5.499908
5.499908
5.499908
5.499908
5.499908
5.499908
5.499908
5.499908
5.499908
5.499908
5.499908
5.499908
5.499908
4.987198
3.7034
2.705856
2.4151
2.332672
2.30928
2.302628
2.300751
2.300217
2.300079
2.300079
2.300079
2.300079
2.300079
2.300079
2.300079
2.300079
2.300079
2.300079
2.300079
2.300079
2.300079
2.300079
2.300079
2.300079
2.300079
2.300079
2.300079
2.300079
2.300079
2.300079
2.300079
2.300079
2.300079
2.300079
2.300079
2.400177
3.406479
4.737946
5.094147
5.384903
5.467331
5.490723
5.497375
5.498596
5.499603
5.499908
5.499908
5.499908
5.499908
5.499908
5.499908
5.499908
5.499908
5.499908
5.499908
5.499908
5.499908
5.499908
5.499908
5.499908
5.499908
5.499908
5.499908
5.499908
5.499908
5.420792
5.262619
5.217758
5.205063
5.201447
5.200775
5.200226
5.200089
5.200089
5.200089
5.200089
5.200089
5.200089
5.200089
5.200089
5.200089
5.200089
5.200089
5.200089
5.200089
5.200089
5.200089
5.200089
5.200089
5.200089
5.200089
5.200089
5.200089
5.200089
5.200089
5.200089
5.200089
5.200089
5.200089
5.200089
5.200089
5.200089
5.279205
5.437378
5.482239
5.494949
5.49855
5.499222
5.499771
5.499908
5.499908
5.499908
5.499908
5.499908
5.499908
5.499908
5.499908
5.499908
5.499908
5.499908
5.499908
5.499908
5.499908
5.499908
5.499908
5.499908
5.499908
5.499908
5.499908
5.499908
5.499908
5.499908
5.499908
4.987198
4.152298
3.899902
3.828323
3.815063
3.80426
3.801208
3.800339
3.800079
3.800079
3.800079
3.800079
3.800079
3.800079
3.800079
3.800079
3.800079
3.800079
3.800079
3.800079
3.800079
3.800079
3.800079
3.800079
3.800079
3.800079
3.800079
3.800079
3.800079
3.800079
3.800079
3.800079
3.800079
3.800079
3.800079
3.800079
3.800079
3.800079
3.800079
3.800079
3.800079
3.800079
4.31279
4.83844
5.312378
5.446808
5.48494
5.491989
5.497726
5.499359
5.499817
5.499908
5.499908
5.499908
5.499908
5.499908
5.499908
5.499908
5.499908
5.499908
5.499908
5.499908
5.499908
5.499908
5.499908
5.499908
5.499908
5.499908
5.499908
5.499908
5.499908
5.499908
5.399811
4.393509
3.062057
2.516129
2.361313
2.317413
2.304932
2.301392
2.3004
2.300095
2.300079
2.300079
2.300079
2.300079
2.300079
2.300079
2.300079
2.300079
2.300079
2.300079
2.300079
2.300079
2.300079
2.300079
2.300079
2.300079
2.300079
2.300079
2.300079
2.300079
2.300079
2.300079
2.300079
2.300079
2.300079
2.300079
2.300079
2.300079
2.300079
2.300079
2.300079
2.300079
2.300079
2.300079
2.300079
2.300079
2.300079
2.300079
2.300079
2.400177
3.406479
4.096588
4.737946
5.094147
5.384903
5.43869
5.467331
5.48259
5.490723
5.497375
5.498596
5.499252
5.499603
5.499786
5.499908
5.499908
5.499908
5.499908
5.499908
5.499908
5.499908
5.499908
5.499908
5.499908
5.499908
5.499908
5.499908
5.499908
5.499908
5.499908
5.499908
5.499908
5.499908
5.499908
5.499908
5.499908
5.499908
5.499908
5.499908
5.499908
5.499908
5.499908
5.420792
5.317596
5.233353
5.217758
5.209473
5.205063
5.202698
5.200775
5.200409
5.200226
5.200104
5.200089
5.200089
5.200089
5.200089
5.200089
5.200089
5.200089
5.200089
5.200089
5.200089
5.200089
5.200089
5.200089
5.200089
5.200089
5.200089
5.200089
5.200089
5.200089
5.200089
5.200089
5.200089
5.200089
5.200089
5.200089
5.200089
5.200089
5.200089
5.200089
5.200089
5.200089
5.200089
5.200089
5.200089
5.200089
5.200089
5.200089
5.200089
5.200089
5.200089
5.200089
5.200089
5.200089
5.279205
5.382401
5.437378
5.46666
5.482239
5.49054
5.497299
5.49855
5.499222
5.499588
5.499771
5.499893
5.499908
5.499908
5.499908
5.499908
5.499908
5.499908
5.499908
5.499908
5.499908
5.499908
5.499908
5.499908
5.499908
5.499908
5.499908
5.499908
5.499908
5.499908
5.499908
5.499908
5.499908
5.499908
5.499908
5.499908
5.499908
5.499908
5.499908
5.499908
5.499908
5.499908
5.499908
5.499908
5.499908
5.499908
5.399811
