0
0
0
0
0
0
0
0
0
0
0
0
0
0
0
0
0
0
0
0
0
0
0
0
0
0
0
0
0
0
0
0
0
0
0
0
0
0
0
0
0
0
0
0
0
0
0
0
0
0
0
0
0
0
0
0
0
0
0
0
0
0
0
0
0
0
0
0
0
0
0
0
0
0
0
0
0
0
0
0
0
0
0
0
0
0
0
0
0
0
0
0
0
0
0
0.1001434
1.106461
1.796585
2.538071
3.3069
4.090332
4.744141
5.097473
5.285645
5.385834
5.439194
5.467621
5.482758
5.490814
5.495102
5.498596
5.499252
5.499603
5.499786
5.499908
5.499908
5.499908
5.499908
5.499908
5.499908
5.499908
5.499908
5.499908
5.499908
5.499908
5.499908
5.499908
5.499908
5.499908
5.499908
5.499908
5.499908
5.499908
5.499908
5.499908
5.499908
5.499908
5.499908
5.499908
5.499908
5.499908
5.499908
5.499908
5.499908
5.499908
5.499908
5.499908
5.499908
5.600082
6.606445
7.29657
8.038071
8.806915
9.364578
9.661591
9.904022
9.948883
9.972763
9.985489
9.992294
9.995895
9.99884
9.99939
9.99968
9.999817
9.999908
9.999908
9.999908
9.999908
9.999908
9.999908
9.999908
9.999908
9.999908
9.999908
9.999908
9.999908
9.999908
9.999908
9.999908
9.999908
9.999908
9.999908
9.999908
9.999908
9.999908
9.999908
9.999908
9.999908
9.999908
9.999908
9.999908
9.999908
9.999908
9.999908
9.999908
9.999908
9.999908
9.999908
9.999908
9.999908
9.999908
9.999908
9.999908
9.999908
9.487198
8.893509
8.2034
7.461914
6.693085
5.838409
5.680222
5.595978
5.551117
5.527237
5.507706
5.504105
5.502182
5.50116
5.50061
5.50032
5.500092
5.500092
5.500092
5.500092
5.500092
5.500092
5.500092
5.500092
5.500092
5.500092
5.500092
5.500092
5.500092
5.500092
5.500092
5.500092
5.500092
5.500092
5.500092
5.500092
5.500092
5.500092
5.500092
5.500092
5.500092
5.500092
5.500092
6.005814
6.330276
6.503098
6.595123
6.64415
6.684174
6.691574
6.695511
6.697617
6.69873
6.699326
6.699631
6.699799
6.699921
6.699921
6.699921
6.699921
6.699921
6.699921
6.699921
6.699921
6.699921
6.699921
6.699921
6.699921
6.699921
6.699921
6.699921
6.699921
6.699921
6.699921
6.699921
6.699921
6.699921
6.699921
6.699921
6.699921
6.699921
6.699921
6.699921
6.699921
6.699921
6.699921
6.699921
6.699921
6.699921
6.699921
6.699921
6.699921
6.699921
6.699921
6.699921
6.699921
6.699921
6.699921
6.699921
6.194199
5.869705
5.696884
5.604858
5.555847
5.529739
5.515823
5.508423
5.504486
5.50238
5.500671
5.500366
5.500198
5.500092
5.500092
5.500092
5.500092
5.500092
5.500092
5.500092
5.500092
5.500092
5.500092
5.500092
5.500092
5.500092
5.500092
5.500092
5.500092
5.500092
5.500092
5.500092
5.500092
5.500092
5.500092
5.500092
5.500092
5.500092
5.500092
5.500092
5.500092
5.500092
5.500092
5.500092
5.500092
5.441422
5.37532
5.37532
5.340118
5.321381
5.306061
5.303223
5.301697
5.300903
5.300476
5.300262
5.30014
5.300079
5.300079
5.300079
5.300079
5.300079
5.300079
5.300079
5.300079
5.300079
5.300079
5.300079
5.300079
5.300079
5.300079
5.300079
5.300079
5.300079
5.300079
5.300079
5.300079
5.300079
5.300079
5.300079
5.300079
5.300079
5.300079
5.300079
5.300079
5.300079
5.300079
5.300079
5.300079
5.300079
5.300079
5.300079
5.300079
5.300079
5.300079
5.300079
5.300079
5.300079
5.300079
5.300079
5.300079
5.300079
5.300079
5.300079
5.300079
5.300079
5.300079
5.300079
5.300079
5.300079
5.300079
5.300079
5.300079
5.300079
5.300079
5.300079
5.300079
5.300079
5.300079
5.358673
5.424713
5.4599
5.488617
5.493927
5.496765
5.498291
5.499084
5.499741
5.499863
5.499908
5.499908
5.499908
5.499908
5.499908
5.499908
5.499908
5.499908
5.499908
5.499908
5.499908
5.499908
5.499908
5.499908
5.499908
5.499908
5.499908
5.499908
5.499908
5.499908
5.499908
5.499908
5.499908
5.499908
5.499908
5.499908
5.499908
5.499908
5.499908
5.499908
5.499908
5.499908
5.499908
5.499908
5.600082
6.012741
6.606445
8.038071
8.806915
9.364578
9.661591
9.819778
9.948883
9.972763
9.985489
9.995895
9.997818
9.99939
9.99939
9.99968
9.999908
9.999908
9.999908
9.999908
9.999908
9.999908
9.999908
9.999908
9.999908
9.999908
9.999908
9.999908
9.999908
9.999908
9.999908
9.999908
9.999908
9.999908
9.999908
9.999908
9.999908
9.999908
9.999908
9.999908
9.999908
9.999908
9.999908
9.999908
9.999908
9.999908
9.999908
9.999908
9.999908
9.999908
9.999908
9.999908
9.999908
9.899811
9.487198
8.893509
8.2034
7.461914
6.693085
5.838409
5.680222
5.595978
5.551117
5.527237
5.514511
5.504105
5.502182
5.50116
5.50061
5.50032
5.500092
5.500092
5.500092
5.500092
5.500092
5.500092
5.500092
5.500092
5.500092
5.500092
5.500092
5.500092
5.500092
5.500092
5.500092
5.500092
5.500092
5.500092
5.500092
5.500092
5.500092
5.500092
5.500092
5.500092
5.500092
5.500092
5.600189
6.005814
6.330276
6.595123
6.64415
6.670258
6.684174
6.691574
6.697617
6.69873
6.699326
6.699631
6.699799
6.699921
6.699921
6.699921
6.699921
6.699921
6.699921
6.699921
6.699921
6.699921
6.699921
6.699921
6.699921
6.699921
6.699921
6.699921
6.699921
6.699921
6.699921
6.699921
6.699921
6.699921
6.699921
6.699921
6.699921
6.699921
6.699921
6.699921
6.699921
6.699921
6.699921
6.699921
6.699921
6.699921
6.699921
6.699921
6.699921
6.699921
6.699921
6.699921
6.699921
6.599823
6.194199
5.696884
5.604858
5.555847
5.529739
5.508423
5.504486
5.50238
5.501266
5.500366
5.500198
5.500092
5.500092
5.500092
5.500092
5.500092
5.500092
5.500092
5.500092
5.500092
5.500092
5.500092
5.500092
5.500092
5.500092
5.500092
5.500092
5.500092
5.500092
5.500092
5.500092
5.500092
5.500092
5.500092
5.500092
5.500092
5.500092
5.500092
5.500092
5.500092
5.500092
5.441422
5.37532
5.340118
5.321381
5.311386
5.303223
5.301697
5.300903
5.300476
5.30014
5.300079
5.300079
5.300079
5.300079
5.300079
5.300079
5.300079
5.300079
5.300079
5.300079
5.300079
5.300079
5.300079
5.300079
5.300079
5.300079
5.300079
5.300079
5.300079
5.300079
5.300079
5.300079
5.300079
5.300079
5.300079
5.300079
5.300079
5.300079
5.300079
5.300079
5.300079
5.300079
5.300079
5.300079
5.300079
5.300079
5.300079
5.300079
5.300079
5.300079
5.300079
5.300079
5.300079
5.300079
5.300079
5.300079
5.300079
5.300079
5.300079
5.300079
5.300079
5.300079
5.300079
5.358673
5.424713
5.478638
5.488617
5.493927
5.496765
5.499084
5.499527
5.499741
5.499863
5.499908
5.499908
5.499908
5.499908
5.499908
5.499908
5.499908
5.499908
5.499908
5.499908
5.499908
5.499908
5.499908
5.499908
5.499908
5.499908
5.499908
5.499908
5.499908
5.499908
5.499908
5.499908
5.499908
5.499908
5.499908
5.499908
5.499908
5.499908
5.499908
5.499908
5.499908
5.499908
5.600082
6.012741
6.606445
8.038071
8.806915
9.364578
9.661591
9.904022
9.948883
9.972763
9.985489
9.995895
9.997818
9.99884
9.99939
9.999817
9.999908
9.999908
9.999908
9.999908
9.999908
9.999908
9.999908
9.999908
9.999908
9.999908
9.999908
9.999908
9.999908
9.999908
9.999908
9.999908
9.999908
9.999908
9.999908
9.999908
9.999908
9.999908
9.999908
9.999908
9.999908
9.999908
9.999908
9.999908
9.999908
9.999908
9.999908
9.999908
9.999908
9.999908
9.999908
9.999908
9.487198
8.893509
8.2034
7.461914
6.135422
5.838409
5.680222
5.595978
5.527237
5.514511
5.507706
5.504105
5.502182
5.50061
5.50032
5.500183
5.500092
5.500092
5.500092
5.500092
5.500092
5.500092
5.500092
5.500092
5.500092
5.500092
5.500092
5.500092
5.500092
5.500092
5.500092
5.500092
5.500092
5.500092
5.500092
5.500092
5.500092
5.500092
5.500092
5.500092
5.500092
5.600189
6.005814
6.330276
6.503098
6.595123
6.64415
6.670258
6.691574
6.695511
6.697617
6.69873
6.699326
6.699631
6.699799
6.699921
6.699921
6.699921
6.699921
6.699921
6.699921
6.699921
6.699921
6.699921
6.699921
6.699921
6.699921
6.699921
6.699921
6.699921
6.699921
6.699921
6.699921
6.699921
6.699921
6.699921
6.699921
6.699921
6.699921
6.699921
6.699921
6.699921
6.699921
6.699921
6.699921
6.699921
6.699921
6.699921
6.699921
6.699921
6.699921
6.699921
6.699921
6.699921
6.699921
6.599823
6.194199
5.696884
5.604858
5.555847
5.515823
5.508423
5.504486
5.50238
5.501266
5.500366
5.500198
5.500092
5.500092
5.500092
5.500092
5.500092
5.500092
5.500092
5.500092
5.500092
5.500092
5.500092
5.500092
5.500092
5.500092
5.500092
5.500092
5.500092
5.500092
5.500092
5.500092
5.500092
5.500092
5.500092
5.500092
5.500092
5.500092
5.500092
5.500092
5.500092
5.441422
5.340118
5.321381
5.311386
5.306061
5.301697
5.300903
5.300476
5.300262
5.30014
5.300079
5.300079
5.300079
5.300079
5.300079
5.300079
5.300079
5.300079
5.300079
5.300079
5.300079
5.300079
5.300079
5.300079
5.300079
5.300079
5.300079
5.300079
5.300079
5.300079
5.300079
5.300079
5.300079
5.300079
5.300079
5.300079
5.300079
5.300079
5.300079
5.300079
5.300079
5.300079
5.300079
5.300079
5.300079
5.300079
5.300079
5.300079
5.300079
5.300079
5.300079
5.300079
5.300079
5.300079
5.300079
5.300079
5.300079
5.300079
5.300079
5.300079
5.300079
5.300079
5.300079
5.424713
5.4599
5.478638
5.488617
5.496765
5.498291
5.499084
5.499527
5.499863
5.499908
5.499908
5.499908
5.499908
5.499908
5.499908
5.499908
5.499908
5.499908
5.499908
5.499908
5.499908
5.499908
5.499908
5.499908
5.499908
5.499908
5.499908
5.499908
5.499908
5.499908
5.499908
5.499908
5.499908
5.499908
5.499908
5.499908
5.499908
5.499908
5.499908
5.499908
5.499908
5.600082
6.012741
6.606445
7.29657
8.806915
9.364578
9.661591
9.819778
9.948883
9.972763
9.985489
9.992294
9.997818
9.99884
9.99939
9.99968
9.999908
9.999908
9.999908
9.999908
9.999908
9.999908
9.999908
9.999908
9.999908
9.999908
9.999908
9.999908
9.999908
9.999908
9.999908
9.999908
9.999908
9.999908
9.999908
9.999908
9.999908
9.999908
9.999908
9.999908
9.999908
9.999908
9.999908
9.999908
9.999908
9.999908
9.999908
9.999908
9.999908
9.999908
9.999908
9.999908
9.899811
9.487198
8.893509
7.461914
6.693085
6.135422
5.838409
5.595978
5.551117
5.527237
5.514511
5.504105
5.502182
5.50116
5.50061
5.50032
5.500092
5.500092
5.500092
5.500092
5.500092
5.500092
5.500092
5.500092
5.500092
5.500092
5.500092
5.500092
5.500092
5.500092
5.500092
5.500092
5.500092
5.500092
5.500092
5.500092
5.500092
5.500092
5.500092
5.500092
5.500092
5.600189
6.005814
6.330276
6.503098
6.64415
6.670258
