0
0
0
0
0
0
0
0
0
0
0
0
0
0
0
0
0
0
0
0
0
0
0
0
0
0
0
0
0
0
0
0
0
0
0
0
0
0
0
0
0
0
0
0
0
0
0
0
0
0
0
0
0
0
0
0
0
0
0
0
0
0
0
0
0
0
0
0
0
0
0
0
0
0
0
0
0
0
0
0
0
0
0
0.1001434
1.106461
1.796585
2.538071
3.3069
4.090332
5.097473
5.285645
5.385834
5.439194
5.482758
5.490814
5.495102
5.497375
5.498596
5.499252
5.499786
5.499908
5.499908
5.499908
5.499908
5.499908
5.499908
5.499908
5.499908
5.499908
5.499908
5.499908
5.499908
5.499908
5.499908
5.499908
5.499908
5.499908
5.499908
5.499908
5.499908
5.499908
5.499908
5.499908
5.499908
5.499908
5.499908
5.499908
5.499908
5.499908
5.499908
5.499908
5.441315
5.375275
5.340088
5.311371
5.306061
5.303223
5.301697
5.300903
5.300476
5.30014
5.300079
5.300079
5.300079
5.300079
5.300079
5.300079
5.300079
5.300079
5.300079
5.300079
5.300079
5.300079
5.300079
5.300079
5.300079
5.300079
5.300079
5.300079
5.300079
5.300079
5.300079
5.300079
5.300079
5.300079
5.300079
5.300079
5.300079
5.300079
5.300079
5.300079
5.300079
5.300079
5.300079
5.300079
5.300079
5.300079
5.300079
5.300079
5.300079
5.300079
5.300079
5.300079
5.300079
5.300079
5.358673
5.424713
5.4599
5.478638
5.488617
5.493927
5.496765
5.498291
5.499527
5.499741
5.499863
5.499908
5.499908
5.499908
5.499908
5.499908
5.499908
5.499908
5.499908
5.499908
5.499908
5.499908
5.499908
5.499908
5.499908
5.499908
5.499908
5.499908
5.499908
5.499908
5.499908
5.499908
5.499908
5.499908
5.499908
5.499908
5.499908
5.499908
5.499908
5.499908
5.499908
5.499908
5.499908
5.499908
5.600082
6.012741
6.606445
7.275589
7.937805
8.060379
8.125641
8.160385
8.178909
8.194046
8.196823
8.198303
8.199097
8.199524
8.199738
8.199921
8.199921
8.199921
8.199921
8.199921
8.199921
8.199921
8.199921
8.199921
8.199921
8.199921
8.199921
8.199921
8.199921
8.199921
8.199921
8.199921
8.199921
8.199921
8.199921
8.199921
8.199921
8.199921
8.199921
8.199921
8.199921
8.199921
8.199921
8.199921
8.199921
8.199921
8.199921
8.199921
8.199921
8.199921
8.199921
8.199921
8.199921
8.199921
8.199921
7.68721
7.093521
6.424393
5.992279
5.639618
5.574356
5.539612
5.521088
5.51123
5.505951
5.501694
5.5009
5.500473
5.500259
5.500137
5.500092
5.500092
5.500092
5.500092
5.500092
5.500092
5.500092
5.500092
5.500092
5.500092
5.500092
5.500092
5.500092
5.500092
5.500092
5.500092
5.500092
5.500092
5.500092
5.500092
5.500092
5.500092
5.500092
5.500092
5.500092
5.500092
5.500092
5.600189
6.012802
6.380737
6.576721
6.681107
6.736679
6.782028
6.790421
6.794922
6.797302
6.798553
6.799225
6.799774
6.799896
6.799911
6.799911
6.799911
6.799911
6.799911
6.799911
6.799911
6.799911
6.799911
6.799911
6.799911
6.799911
6.799911
6.799911
6.799911
6.799911
6.799911
6.799911
6.799911
6.799911
6.799911
6.799911
6.799911
6.799911
6.799911
6.799911
6.799911
6.799911
6.799911
6.799911
6.799911
6.799911
6.799911
6.799911
6.799911
6.799911
6.799911
6.799911
6.799911
6.799911
6.799911
6.799911
6.799911
6.799911
6.799911
6.799911
6.799911
6.799911
6.799911
6.799911
6.799911
6.799911
6.287201
5.919266
5.723282
5.618896
5.563324
5.533737
5.517975
5.509583
5.505081
5.502701
5.50145
5.500778
5.500412
5.500229
5.500107
5.500092
5.500092
5.500092
5.500092
5.500092
5.500092
5.500092
5.500092
5.500092
5.500092
5.500092
5.500092
5.500092
5.500092
5.500092
5.500092
5.500092
5.500092
5.500092
5.500092
5.500092
5.500092
5.500092
5.500092
5.500092
5.500092
5.500092
5.500092
5.500092
5.500092
5.500092
5.500092
5.500092
5.500092
5.500092
5.500092
5.441422
5.37532
5.321381
5.311386
5.306061
5.303223
5.301697
5.300903
5.300476
5.30014
5.300079
5.300079
5.300079
5.300079
5.300079
5.300079
5.300079
5.300079
5.300079
5.300079
5.300079
5.300079
5.300079
5.300079
5.300079
5.300079
5.300079
5.300079
5.300079
5.300079
5.300079
5.300079
5.300079
5.300079
5.300079
5.300079
5.300079
5.300079
5.300079
5.300079
5.300079
5.300079
5.300079
5.300079
5.300079
5.300079
5.300079
5.300079
5.300079
5.300079
5.300079
5.300079
5.300079
5.300079
5.300079
5.300079
5.300079
5.424713
5.4599
5.478638
5.488617
5.493927
5.496765
5.498291
5.499084
5.499527
5.499741
5.499863
5.499908
5.499908
5.499908
5.499908
5.499908
5.499908
5.499908
5.499908
5.499908
5.499908
5.499908
5.499908
5.499908
5.499908
5.499908
5.499908
5.499908
5.499908
5.499908
5.499908
5.499908
5.499908
5.499908
5.499908
5.499908
5.499908
5.499908
5.499908
5.499908
5.499908
5.499908
5.499908
5.499908
5.499908
5.499908
5.499908
5.600082
6.012741
6.606445
7.275589
7.707703
7.937805
8.060379
8.125641
8.160385
8.178909
8.188766
8.194046
8.196823
8.198303
8.199097
8.199524
8.199738
8.19986
8.199921
8.199921
8.199921
8.199921
8.199921
8.199921
8.199921
8.199921
8.199921
8.199921
8.199921
8.199921
8.199921
8.199921
8.199921
8.199921
8.199921
8.199921
8.199921
8.199921
8.199921
8.199921
8.199921
8.199921
8.199921
8.199921
8.199921
8.199921
8.199921
8.199921
8.199921
8.199921
8.199921
8.199921
8.199921
8.199921
8.199921
8.199921
8.199921
8.199921
8.199921
8.199921
8.099823
7.68721
7.093521
6.424393
5.992279
5.639618
5.574356
5.539612
5.521088
5.51123
5.505951
5.503174
5.501694
5.500473
5.500259
5.500137
5.500092
5.500092
5.500092
5.500092
5.500092
5.500092
5.500092
5.500092
5.500092
5.500092
5.500092
5.500092
5.500092
5.500092
5.500092
5.500092
5.500092
5.500092
5.500092
5.500092
5.500092
5.500092
5.500092
5.500092
5.500092
5.500092
5.500092
5.600189
6.012802
6.576721
6.681107
6.736679
6.766266
6.782028
6.790421
6.797302
6.798553
6.799225
6.799591
6.799774
6.799911
6.799911
6.799911
6.799911
6.799911
6.799911
6.799911
6.799911
6.799911
6.799911
6.799911
6.799911
6.799911
6.799911
6.799911
6.799911
6.799911
6.799911
6.799911
6.799911
6.799911
6.799911
6.799911
6.799911
6.799911
6.799911
6.799911
6.799911
6.799911
6.799911
6.799911
6.799911
6.799911
6.799911
6.799911
6.799911
6.799911
6.799911
6.799911
6.799911
6.799911
6.799911
6.799911
6.799911
6.799911
6.799911
6.799911
6.799911
6.799911
6.799911
6.799911
6.799911
6.799911
6.287201
5.919266
5.723282
5.618896
5.563324
5.517975
5.509583
5.505081
5.502701
5.50145
5.500412
5.500229
5.500107
5.500092
5.500092
5.500092
5.500092
5.500092
5.500092
5.500092
5.500092
5.500092
5.500092
5.500092
5.500092
5.500092
5.500092
5.500092
5.500092
5.500092
5.500092
5.500092
5.500092
5.500092
5.500092
5.500092
5.500092
5.500092
5.500092
5.500092
5.500092
5.441422
5.37532
5.340118
5.321381
5.311386
5.303223
5.301697
5.300903
5.300476
5.300262
5.300079
5.300079
5.300079
5.300079
5.300079
5.300079
5.300079
5.300079
5.300079
5.300079
5.300079
5.300079
5.300079
5.300079
5.300079
5.300079
5.300079
5.300079
5.300079
5.300079
5.300079
5.300079
5.300079
5.300079
5.300079
5.300079
5.300079
5.300079
5.300079
5.300079
5.300079
5.300079
5.300079
5.300079
5.300079
5.300079
5.300079
5.300079
5.300079
5.300079
5.300079
5.300079
5.300079
5.300079
5.358673
5.424713
5.4599
5.478638
5.488617
5.493927
5.496765
5.498291
5.499084
5.499527
5.499863
5.499908
5.499908
5.499908
5.499908
5.499908
5.499908
5.499908
5.499908
5.499908
5.499908
5.499908
5.499908
5.499908
5.499908
5.499908
5.499908
5.499908
5.499908
5.499908
5.499908
5.499908
5.499908
5.499908
5.499908
5.499908
5.499908
5.499908
5.499908
5.499908
5.499908
5.499908
5.499908
5.499908
5.499908
5.499908
6.012741
6.606445
7.275589
7.707703
7.937805
8.060379
8.160385
8.178909
8.188766
8.194046
8.196823
8.198303
8.199524
8.199738
8.19986
8.199921
8.199921
8.199921
8.199921
8.199921
8.199921
8.199921
8.199921
8.199921
8.199921
8.199921
8.199921
8.199921
8.199921
8.199921
8.199921
8.199921
8.199921
8.199921
8.199921
8.199921
8.199921
8.199921
8.199921
8.199921
8.199921
8.199921
8.199921
8.199921
8.199921
8.199921
8.199921
8.199921
8.199921
8.199921
8.199921
8.199921
8.199921
8.199921
8.099823
7.68721
7.093521
6.424393
5.992279
5.762192
5.639618
5.574356
5.521088
5.51123
5.505951
5.503174
5.501694
5.5009
5.500473
5.500259
5.500137
5.500092
5.500092
5.500092
5.500092
5.500092
5.500092
5.500092
5.500092
5.500092
5.500092
5.500092
5.500092
5.500092
5.500092
5.500092
5.500092
5.500092
5.500092
5.500092
5.500092
5.500092
5.500092
5.500092
5.500092
5.500092
5.500092
5.500092
5.500092
5.500092
5.500092
5.600189
6.012802
6.380737
6.576721
6.681107
6.736679
6.782028
6.790421
6.794922
6.797302
6.798553
6.799225
6.799591
6.799774
6.799896
6.799911
6.799911
6.799911
6.799911
6.799911
6.799911
6.799911
6.799911
6.799911
6.799911
6.799911
6.799911
6.799911
6.799911
6.799911
6.799911
6.799911
6.799911
6.799911
6.799911
6.799911
6.799911
6.799911
6.799911
6.799911
6.799911
6.799911
6.799911
6.799911
6.799911
6.799911
6.799911
6.799911
6.799911
6.799911
6.799911
6.799911
6.799911
6.799911
6.799911
6.799911
6.799911
6.799911
6.799911
6.799911
6.799911
6.799911
6.799911
6.799911
6.799911
6.799911
6.799911
6.799911
6.799911
6.799911
6.799911
6.287201
5.919266
5.723282
5.618896
5.563324
5.533737
5.509583
5.505081
5.502701
5.50145
5.500778
5.500412
5.500229
5.500092
5.500092
5.500092
5.500092
5.500092
5.500092
5.500092
5.500092
5.500092
5.500092
5.500092
5.500092
5.500092
5.500092
5.500092
5.500092
5.500092
5.500092
5.500092
5.500092
5.500092
5.500092
5.500092
5.500092
5.500092
5.500092
5.500092
5.500092
5.500092
5.500092
5.500092
5.500092
5.500092
5.441422
5.37532
5.340118
5.321381
5.311386
5.306061
5.303223
5.301697
5.300903
5.300262
5.30014
5.300079
5.300079
5.300079
5.300079
5.300079
5.300079
5.300079
5.300079
5.300079
5.300079
5.300079
5.300079
5.300079
5.300079
5.300079
5.300079
5.300079
5.300079
5.300079
5.300079
5.300079
5.300079
5.300079
5.300079
5.300079
5.300079
5.300079
5.300079
5.300079
5.300079
5.300079
5.300079
5.300079
5.300079
5.300079
5.300079
5.300079
5.300079
5.300079
5.300079
5.300079
5.300079
5.300079
5.300079
5.300079
5.358673
5.424713
5.478638
5.488617
5.493927
5.496765
5.498291
5.499084
5.499527
5.499741
5.499863
5.499908
5.499908
5.499908
5.499908
5.499908
5.499908
5.499908
5.499908
5.499908
5.499908
5.499908
5.499908
5.499908
5.499908
5.499908
5.499908
5.499908
5.499908
5.499908
5.499908
5.499908
5.499908
5.499908
