0
0
0
0
0
0
0
0
0
0
0
0
0
0
0
0
0
0
0
0
0
0
0
0
0
0
0
0
0
0
0
0
0
0
0
0
0
0
0
0
0
0
0
0
0
0
0
0
0
0
0
0
0
0
0
0
0
0
0
0
0
0
0
0
0
0
0
0
0
0
0
0
0
0
0
0
0
0
0
0
0
0
0
0
0
0.1001434
1.106461
1.796585
2.538071
3.3069
4.090332
5.097473
5.285645
5.385834
5.439194
5.467621
5.482758
5.495102
5.497375
5.498596
5.499252
5.499603
5.499908
5.499908
5.499908
5.499908
5.499908
5.499908
5.499908
5.499908
5.499908
5.499908
5.499908
5.499908
5.499908
5.499908
5.499908
5.499908
5.499908
5.499908
5.499908
5.499908
5.499908
5.499908
5.499908
5.499908
5.499908
5.499908
5.499908
5.499908
5.499908
5.499908
5.499908
5.399811
4.987198
4.393509
2.98291
2.523453
2.278778
2.148468
2.079056
2.042099
2.011963
2.006378
2.003403
2.001816
2.000961
2.000519
2.000153
2.000092
2.000092
2.000092
2.000092
2.000092
2.000092
2.000092
2.000092
2.000092
2.000092
2.000092
2.000092
2.000092
2.000092
2.000092
2.000092
2.000092
2.000092
2.000092
2.000092
2.000092
2.000092
2.000092
2.000092
2.000092
2.000092
2.000092
2.000092
2.000092
2.000092
2.000092
2.000092
2.000092
2.000092
2.000092
2.000092
2.000092
2.000092
2.512802
3.7966
4.51709
4.976547
5.221222
5.420944
5.457901
5.47757
5.488037
5.493622
5.498184
5.499039
5.499481
5.499908
5.499908
5.499908
5.499908
5.499908
5.499908
5.499908
5.499908
5.499908
5.499908
5.499908
5.399811
5.124573
4.892059
4.849045
4.826126
4.807404
4.80394
4.802109
4.801117
4.800308
4.800171
4.800079
4.800079
4.800079
4.800079
4.800079
4.800079
4.800079
4.800079
4.800079
4.800079
4.800079
4.800079
4.800079
4.800079
4.800079
4.800079
4.800079
4.800079
4.800079
4.800079
4.800079
4.800079
4.800079
4.800079
4.800079
4.800079
4.800079
4.800079
4.800079
4.800079
4.800079
4.800079
4.800079
4.800079
4.800079
4.800079
4.800079
4.800079
4.800079
4.900177
5.175415
5.407928
5.450958
5.473877
5.486099
5.496063
5.497894
5.498886
5.499405
5.499695
5.499908
5.499908
5.499908
5.499908
5.499908
5.499908
5.499908
5.499908
5.499908
5.499908
5.499908
5.499908
5.499908
5.499908
5.499908
5.499908
5.499908
5.499908
5.499908
5.499908
5.499908
5.499908
5.499908
5.499908
5.499908
5.499908
5.499908
5.499908
5.499908
5.499908
5.499908
5.499908
5.499908
5.600082
6.606445
7.070847
7.318192
7.449921
7.557434
7.577332
7.587936
7.593567
7.598175
7.59903
7.599487
7.599731
7.599915
7.599915
7.599915
7.599915
7.599915
7.599915
7.599915
7.599915
7.599915
7.599915
7.599915
7.599915
7.599915
7.599915
7.599915
7.599915
7.599915
7.599915
7.599915
7.599915
7.599915
7.599915
7.599915
7.599915
7.599915
7.599915
7.599915
7.599915
7.599915
7.599915
7.599915
7.599915
7.599915
7.599915
7.599915
7.599915
7.599915
7.599915
7.599915
7.599915
7.599915
7.599915
7.599915
7.599915
7.599915
7.599915
7.599915
7.599915
7.599915
7.599915
7.599915
7.599915
7.599915
7.599915
7.087204
6.493515
6.029129
5.781799
5.579941
5.542557
5.522659
5.506439
5.503433
5.501831
5.500977
5.500519
5.500153
5.500092
5.500092
5.500092
5.500092
5.500092
5.500092
5.500092
5.500092
5.500092
5.500092
5.500092
5.500092
5.500092
5.500092
5.500092
5.500092
5.500092
5.500092
5.500092
5.500092
5.500092
5.500092
5.500092
5.500092
5.500092
5.500092
5.500092
5.500092
5.500092
5.500092
4.987259
4.393555
3.70343
2.982941
2.523483
2.148468
2.079056
2.042099
2.02243
2.006378
2.003403
2.001816
2.000961
2.000519
2.000153
2.000092
2.000092
2.000092
2.000092
2.000092
2.000092
2.000092
2.000092
2.000092
2.000092
2.000092
2.000092
2.000092
2.000092
2.000092
2.000092
2.000092
2.000092
2.000092
2.000092
2.000092
2.000092
2.000092
2.000092
2.000092
2.000092
2.000092
2.000092
2.000092
2.000092
2.000092
2.000092
2.000092
2.000092
2.000092
2.000092
2.000092
2.000092
2.512802
3.106491
3.7966
4.51709
4.976547
5.351532
5.420944
5.457901
5.47757
5.493622
5.496597
5.498184
5.499039
5.499725
5.499847
5.499908
5.499908
5.499908
5.499908
5.499908
5.499908
5.499908
5.499908
5.499908
5.499908
5.499908
5.499908
5.499908
5.499908
5.499908
5.499908
5.499908
5.499908
5.499908
5.499908
5.499908
5.499908
5.499908
5.499908
5.499908
5.499908
5.399811
5.124573
4.972855
4.892059
4.826126
4.813904
4.807404
4.80394
4.801117
4.800598
4.800308
4.800171
4.800079
4.800079
4.800079
4.800079
4.800079
4.800079
4.800079
4.800079
4.800079
4.800079
4.800079
4.800079
4.800079
4.800079
4.800079
4.800079
4.800079
4.800079
4.800079
4.800079
4.800079
4.800079
4.800079
4.800079
4.800079
4.800079
4.800079
4.800079
4.800079
4.800079
4.800079
4.800079
4.800079
4.800079
4.800079
4.800079
4.800079
4.800079
4.800079
4.800079
4.900177
5.175415
5.327133
5.407928
5.473877
5.486099
5.492599
5.496063
5.498886
5.499405
5.499695
5.499832
5.499908
5.499908
5.499908
5.499908
5.499908
5.499908
5.499908
5.499908
5.499908
5.499908
5.499908
5.499908
5.499908
5.499908
5.499908
5.499908
5.499908
5.499908
5.499908
5.499908
5.499908
5.499908
5.499908
5.499908
5.499908
5.499908
5.499908
5.499908
5.499908
5.499908
6.012741
6.606445
7.070847
7.318192
7.449921
7.557434
7.577332
7.587936
7.593567
7.598175
7.59903
7.599487
7.599731
7.599915
7.599915
7.599915
7.599915
7.599915
7.599915
7.599915
7.599915
7.599915
7.599915
7.599915
7.599915
7.599915
7.599915
7.599915
7.599915
7.599915
7.599915
7.599915
7.599915
7.599915
7.599915
7.599915
7.599915
7.599915
7.599915
7.599915
7.599915
7.599915
7.599915
7.599915
7.599915
7.599915
7.599915
7.599915
7.599915
7.599915
7.599915
7.599915
7.599915
7.599915
7.599915
7.599915
7.599915
7.599915
7.599915
7.599915
7.599915
7.599915
7.599915
7.599915
7.599915
7.499817
7.087204
6.493515
6.029129
5.781799
5.579941
5.542557
5.522659
5.51207
5.503433
5.501831
5.500977
5.500519
5.500275
5.500092
5.500092
5.500092
5.500092
5.500092
5.500092
5.500092
5.500092
5.500092
5.500092
5.500092
5.500092
5.500092
5.500092
5.500092
5.500092
5.500092
5.500092
5.500092
5.500092
5.500092
5.500092
5.500092
5.500092
5.500092
5.500092
5.500092
5.500092
5.500092
5.399918
4.393555
3.70343
2.982941
2.523483
2.148468
2.079056
2.042099
2.02243
2.006378
2.003403
2.001816
2.000961
2.000519
2.000153
2.000092
2.000092
2.000092
2.000092
2.000092
2.000092
2.000092
2.000092
2.000092
2.000092
2.000092
2.000092
2.000092
2.000092
2.000092
2.000092
2.000092
2.000092
2.000092
2.000092
2.000092
2.000092
2.000092
2.000092
2.000092
2.000092
2.000092
2.000092
2.000092
2.000092
2.000092
2.000092
2.000092
2.000092
2.000092
2.000092
2.000092
2.000092
2.512802
3.106491
3.7966
4.51709
5.221222
5.351532
5.420944
5.457901
5.47757
5.493622
5.496597
5.498184
5.499039
5.499725
5.499847
5.499908
5.499908
5.499908
5.499908
5.499908
5.499908
5.499908
5.499908
5.499908
5.499908
5.499908
5.499908
5.499908
5.499908
5.499908
5.499908
5.499908
5.499908
5.499908
5.499908
5.499908
5.499908
5.499908
5.499908
5.499908
5.499908
5.499908
5.399811
4.972855
4.892059
4.849045
4.826126
4.813904
4.80394
4.802109
4.801117
4.800598
4.800171
4.800079
4.800079
4.800079
4.800079
4.800079
4.800079
4.800079
4.800079
4.800079
4.800079
4.800079
4.800079
4.800079
4.800079
4.800079
4.800079
4.800079
4.800079
4.800079
4.800079
4.800079
4.800079
4.800079
4.800079
4.800079
4.800079
4.800079
4.800079
4.800079
4.800079
4.800079
4.800079
4.800079
4.800079
4.800079
4.800079
4.800079
4.800079
4.800079
4.800079
4.800079
4.800079
4.800079
4.800079
4.900177
5.175415
5.327133
5.450958
5.473877
5.486099
5.492599
5.497894
5.498886
5.499405
5.499695
5.499832
5.499908
5.499908
5.499908
5.499908
5.499908
5.499908
5.499908
5.499908
5.499908
5.499908
5.499908
5.499908
5.499908
5.499908
5.499908
5.499908
5.499908
5.499908
5.499908
5.499908
5.499908
5.499908
5.499908
5.499908
5.499908
5.499908
5.499908
5.499908
5.499908
5.499908
5.600082
6.012741
6.606445
7.070847
7.449921
7.520065
7.557434
7.577332
7.593567
7.596573
7.598175
7.59903
7.599731
7.599854
7.599915
7.599915
7.599915
7.599915
7.599915
7.599915
7.599915
7.599915
7.599915
7.599915
7.599915
7.599915
7.599915
7.599915
7.599915
7.599915
7.599915
7.599915
7.599915
7.599915
7.599915
7.599915
7.599915
7.599915
7.599915
7.599915
7.599915
7.599915
7.599915
7.599915
7.599915
7.599915
7.599915
7.599915
7.599915
7.599915
7.599915
7.599915
7.599915
7.599915
7.599915
7.599915
7.599915
7.599915
7.599915
7.599915
7.599915
7.599915
7.599915
7.599915
7.599915
7.599915
7.499817
7.087204
6.029129
5.781799
5.65007
5.579941
5.522659
5.51207
5.506439
5.503433
5.501831
5.500519
5.500275
5.500153
5.500092
5.500092
5.500092
5.500092
5.500092
5.500092
5.500092
5.500092
5.500092
5.500092
5.500092
5.500092
5.500092
5.500092
5.500092
5.500092
5.500092
5.500092
5.500092
5.500092
5.500092
5.500092
5.500092
5.500092
5.500092
5.500092
5.500092
5.500092
5.399918
4.987259
4.393555
2.982941
2.523483
2.278778
2.148468
2.042099
2.02243
2.011963
2.006378
2.003403
2.000961
2.000519
2.000275
2.000153
2.000092
2.000092
2.000092
2.000092
2.000092
2.000092
2.000092
2.000092
2.000092
2.000092
2.000092
2.000092
2.000092
2.000092
2.000092
2.000092
2.000092
2.000092
2.000092
2.000092
2.000092
2.000092
2.000092
2.000092
2.000092
2.000092
2.000092
2.000092
2.000092
2.000092
2.000092
2.000092
2.000092
2.000092
2.000092
2.000092
2.000092
2.100189
2.512802
3.7966
4.51709
4.976547
5.221222
5.351532
5.457901
5.47757
5.488037
5.493622
5.498184
5.499039
5.499481
5.499725
5.499847
5.499908
5.499908
5.499908
5.499908
5.499908
5.499908
5.499908
5.499908
5.499908
5.499908
5.499908
5.499908
5.499908
5.499908
5.499908
5.499908
5.499908
5.499908
5.499908
5.499908
5.499908
5.499908
5.499908
5.499908
5.499908
5.499908
5.399811
5.124573
4.972855
4.892059
4.826126
4.813904
4.807404
4.80394
4.801117
4.800598
4.800308
4.800171
4.800079
4.800079
4.800079
4.800079
4.800079
4.800079
4.800079
4.800079
4.800079
4.800079
4.800079
4.800079
4.800079
4.800079
4.800079
4.800079
4.800079
4.800079
4.800079
