0
0
0
0
0
0
0
0
0
0
0
0
0
0
0
0
0
0
0
0
0
0
0
0
0
0
0
0
0
0
0
0
0
0
0
0
0
0
0
0
0
0
0
0
0
0
0
0
0
0
0
0
0
0
0
0
0
0
0
0
0
0
0
0
0
0
0
0
0
0
0
0
0.1001434
0.5127716
1.106461
1.796585
3.3069
4.090332
4.744141
5.285645
5.385834
5.439194
5.467621
5.490814
5.495102
5.497375
5.499252
5.499603
5.499786
5.499908
5.499908
5.499908
5.499908
5.499908
5.499908
5.499908
5.499908
5.499908
5.499908
5.499908
5.499908
5.499908
5.499908
5.499908
5.499908
5.499908
5.499908
5.499908
5.499908
5.499908
5.499908
5.499908
5.499908
5.499908
5.499908
5.499908
5.499908
5.399811
4.987198
4.461548
3.98761
3.899902
3.853195
3.828323
3.808014
3.80426
3.802277
3.800644
3.800339
3.800186
3.800079
3.800079
3.800079
3.800079
3.800079
3.800079
3.800079
3.800079
3.800079
3.800079
3.800079
3.800079
3.800079
3.800079
3.800079
3.800079
3.800079
3.800079
3.800079
3.800079
3.800079
3.800079
3.800079
3.800079
3.800079
3.800079
3.800079
3.800079
3.800079
3.800079
3.800079
3.800079
3.800079
3.800079
3.800079
3.800079
3.800079
3.800079
3.900177
4.31279
4.83844
5.312378
5.400101
5.446808
5.47168
5.48494
5.495743
5.497726
5.498795
5.499664
5.499817
5.499908
5.499908
5.499908
5.499908
5.499908
5.499908
5.499908
5.499908
5.499908
5.499908
5.499908
5.499908
5.499908
5.499908
5.499908
5.499908
5.499908
5.499908
5.499908
5.499908
5.499908
5.499908
5.499908
5.499908
5.499908
5.499908
5.499908
5.499908
5.499908
5.600082
6.005737
6.503082
6.595108
6.64415
6.670258
6.691574
6.695511
6.697617
6.69873
6.699631
6.699799
6.699921
6.699921
6.699921
6.699921
6.699921
6.699921
6.699921
6.699921
6.699921
6.699921
6.699921
6.699921
6.699921
6.699921
6.699921
6.699921
6.699921
6.699921
6.699921
6.699921
6.699921
6.699921
6.699921
6.699921
6.699921
6.699921
6.699921
6.699921
6.699921
6.699921
6.699921
6.699921
6.699921
6.699921
6.699921
6.699921
6.699921
6.699921
6.699921
6.699921
6.194199
5.869705
5.696884
5.604858
5.529739
5.515823
5.508423
5.504486
5.501266
5.500671
5.500366
5.500198
5.500092
5.500092
5.500092
5.500092
5.500092
5.500092
5.500092
5.500092
5.500092
5.500092
5.500092
5.500092
5.500092
5.500092
5.500092
5.500092
5.500092
5.500092
5.500092
5.500092
5.500092
5.500092
5.500092
5.500092
5.500092
5.500092
5.500092
5.500092
5.500092
5.37532
5.340118
5.321381
5.311386
5.303223
5.301697
5.300903
5.300476
5.30014
5.300079
5.300079
5.300079
5.300079
5.300079
5.300079
5.300079
5.300079
5.300079
5.300079
5.300079
5.300079
5.300079
5.300079
5.300079
5.300079
5.300079
5.300079
5.300079
5.300079
5.300079
5.300079
5.300079
5.300079
5.300079
5.300079
5.300079
5.300079
5.300079
5.300079
5.300079
5.300079
5.300079
5.300079
5.300079
5.300079
5.300079
5.300079
5.300079
5.300079
5.300079
5.300079
5.300079
5.300079
5.300079
5.300079
5.300079
5.300079
5.300079
5.300079
5.300079
5.300079
5.358673
5.424713
5.4599
5.478638
5.493927
5.496765
5.498291
5.499084
5.499741
5.499863
5.499908
5.499908
5.499908
5.499908
5.499908
5.499908
5.499908
5.499908
5.499908
5.499908
5.499908
5.499908
5.499908
5.499908
5.499908
5.499908
5.499908
5.499908
5.499908
5.499908
5.499908
5.499908
5.499908
5.499908
5.499908
5.499908
5.499908
5.499908
5.499908
5.499908
5.499908
5.399811
4.987198
4.461548
4.152298
3.899902
3.853195
3.828323
3.815063
3.80426
3.802277
3.801208
3.800644
3.800186
3.800079
3.800079
3.800079
3.800079
3.800079
3.800079
3.800079
3.800079
3.800079
3.800079
3.800079
3.800079
3.800079
3.800079
3.800079
3.800079
3.800079
3.800079
3.800079
3.800079
3.800079
3.800079
3.800079
3.800079
3.800079
3.800079
3.800079
3.800079
3.800079
3.800079
3.800079
3.800079
3.800079
3.800079
3.800079
3.800079
3.800079
3.800079
3.800079
4.31279
4.83844
5.14769
5.312378
5.446808
5.47168
5.48494
5.491989
5.497726
5.498795
5.499359
5.499664
5.499908
5.499908
5.499908
5.499908
5.499908
5.499908
5.499908
5.499908
5.499908
5.499908
5.499908
5.499908
5.499908
5.499908
5.499908
5.499908
5.499908
5.499908
5.499908
5.499908
5.499908
5.499908
5.499908
5.499908
5.499908
5.499908
5.499908
5.499908
5.499908
5.600082
6.005737
6.330261
6.503082
6.64415
6.670258
6.684174
6.691574
6.697617
6.69873
6.699326
6.699799
6.699921
6.699921
6.699921
6.699921
6.699921
6.699921
6.699921
6.699921
6.699921
6.699921
6.699921
6.699921
6.699921
6.699921
6.699921
6.699921
6.699921
6.699921
6.699921
6.699921
6.699921
6.699921
6.699921
6.699921
6.699921
6.699921
6.699921
6.699921
6.699921
6.699921
6.699921
6.699921
6.699921
6.699921
6.699921
6.699921
6.699921
6.699921
6.699921
6.194199
5.869705
5.696884
5.604858
5.529739
5.515823
5.508423
5.504486
5.50238
5.500671
5.500366
5.500198
5.500092
5.500092
5.500092
5.500092
5.500092
5.500092
5.500092
5.500092
5.500092
5.500092
5.500092
5.500092
5.500092
5.500092
5.500092
5.500092
5.500092
5.500092
5.500092
5.500092
5.500092
5.500092
5.500092
5.500092
5.500092
5.500092
5.500092
5.500092
5.500092
5.441422
5.37532
5.340118
5.321381
5.306061
5.303223
5.301697
5.300903
5.300262
5.30014
5.300079
5.300079
5.300079
5.300079
5.300079
5.300079
5.300079
5.300079
5.300079
5.300079
5.300079
5.300079
5.300079
5.300079
5.300079
5.300079
5.300079
5.300079
5.300079
5.300079
5.300079
5.300079
5.300079
5.300079
5.300079
5.300079
5.300079
5.300079
5.300079
5.300079
5.300079
5.300079
5.300079
5.300079
5.300079
5.300079
5.300079
5.300079
5.300079
5.300079
5.300079
5.300079
5.300079
5.300079
5.300079
5.300079
5.300079
5.300079
5.300079
5.300079
5.300079
5.300079
5.358673
5.424713
5.478638
5.488617
5.493927
5.496765
5.499084
5.499527
5.499741
5.499863
5.499908
5.499908
5.499908
5.499908
5.499908
5.499908
5.499908
5.499908
5.499908
5.499908
5.499908
5.499908
5.499908
5.499908
5.499908
5.499908
5.499908
5.499908
5.499908
5.499908
5.499908
5.499908
5.499908
5.499908
5.499908
5.499908
5.499908
5.499908
5.499908
5.499908
5.499908
5.499908
5.399811
4.461548
4.152298
3.98761
3.899902
3.828323
3.815063
3.808014
3.80426
3.801208
3.800644
3.800339
3.800186
3.800079
3.800079
3.800079
3.800079
3.800079
3.800079
3.800079
3.800079
3.800079
3.800079
3.800079
3.800079
3.800079
3.800079
3.800079
3.800079
3.800079
3.800079
3.800079
3.800079
3.800079
3.800079
3.800079
3.800079
3.800079
3.800079
3.800079
3.800079
3.800079
3.800079
3.800079
3.800079
3.800079
3.800079
3.800079
3.800079
3.800079
3.800079
3.900177
4.83844
5.14769
5.312378
5.400101
5.446808
5.48494
5.491989
5.495743
5.497726
5.499359
5.499664
5.499817
5.499908
5.499908
5.499908
5.499908
5.499908
5.499908
5.499908
5.499908
5.499908
5.499908
5.499908
5.499908
5.499908
5.499908
5.499908
5.499908
5.499908
5.499908
5.499908
5.499908
5.499908
5.499908
5.499908
5.499908
5.499908
5.499908
5.499908
5.499908
5.600082
6.330261
6.503082
6.595108
6.64415
6.684174
6.691574
6.695511
6.697617
6.699326
6.699631
6.699799
6.699921
6.699921
6.699921
6.699921
6.699921
6.699921
6.699921
6.699921
6.699921
6.699921
6.699921
6.699921
6.699921
6.699921
6.699921
6.699921
6.699921
6.699921
6.699921
6.699921
6.699921
6.699921
6.699921
6.699921
6.699921
6.699921
6.699921
6.699921
6.699921
6.699921
6.699921
6.699921
6.699921
6.699921
6.699921
6.699921
6.699921
6.599823
6.194199
5.869705
5.604858
5.555847
5.529739
5.508423
5.504486
5.50238
5.501266
5.500366
5.500198
5.500092
5.500092
5.500092
5.500092
5.500092
5.500092
5.500092
5.500092
5.500092
5.500092
5.500092
5.500092
5.500092
5.500092
5.500092
5.500092
5.500092
5.500092
5.500092
5.500092
5.500092
5.500092
5.500092
5.500092
5.500092
5.500092
5.500092
5.500092
5.500092
5.441422
5.37532
5.340118
5.321381
5.306061
5.303223
5.301697
5.300903
5.300262
5.30014
5.300079
5.300079
5.300079
5.300079
5.300079
5.300079
5.300079
5.300079
5.300079
5.300079
5.300079
5.300079
5.300079
5.300079
5.300079
5.300079
5.300079
5.300079
5.300079
5.300079
5.300079
5.300079
5.300079
5.300079
5.300079
5.300079
5.300079
5.300079
5.300079
5.300079
5.300079
5.300079
5.300079
5.300079
5.300079
5.300079
5.300079
5.300079
5.300079
5.300079
5.300079
5.300079
5.300079
5.300079
5.300079
5.300079
5.300079
5.300079
5.300079
5.300079
5.300079
5.300079
5.358673
5.424713
5.478638
5.488617
5.493927
5.496765
5.499084
5.499527
5.499741
5.499863
5.499908
5.499908
5.499908
5.499908
5.499908
5.499908
5.499908
5.499908
5.499908
5.499908
5.499908
5.499908
5.499908
5.499908
5.499908
5.499908
5.499908
5.499908
5.499908
5.499908
5.499908
5.499908
5.499908
5.499908
5.499908
5.499908
5.499908
5.499908
5.499908
5.499908
5.499908
5.399811
4.987198
4.152298
3.98761
3.899902
3.853195
3.815063
3.808014
3.80426
3.802277
3.800644
3.800339
3.800186
3.800079
3.800079
3.800079
3.800079
3.800079
3.800079
3.800079
3.800079
3.800079
3.800079
3.800079
3.800079
3.800079
3.800079
3.800079
3.800079
3.800079
3.800079
3.800079
3.800079
3.800079
3.800079
3.800079
3.800079
3.800079
3.800079
3.800079
3.800079
3.800079
3.800079
3.800079
3.800079
3.800079
3.800079
3.800079
3.800079
3.800079
3.900177
4.31279
4.83844
5.14769
5.400101
5.446808
5.47168
5.48494
5.495743
5.497726
5.498795
5.499359
5.499664
5.499908
5.499908
5.499908
5.499908
5.499908
5.499908
5.499908
5.499908
5.499908
5.499908
5.499908
5.499908
5.499908
5.499908
5.499908
5.499908
5.499908
5.499908
5.499908
5.499908
5.499908
5.499908
5.499908
5.499908
5.499908
5.499908
5.499908
5.499908
5.600082
6.005737
6.330261
6.503082
6.595108
6.670258
6.684174
6.691574
6.695511
6.697617
6.699326
6.699631
6.699799
6.699921
6.699921
6.699921
6.699921
6.699921
6.699921
6.699921
6.699921
6.699921
6.699921
6.699921
6.699921
6.699921
6.699921
6.699921
6.699921
6.699921
6.699921
6.699921
6.699921
6.699921
6.699921
6.699921
6.699921
6.699921
6.699921
6.699921
6.699921
6.699921
6.699921
6.699921
6.699921
6.699921
6.699921
6.699921
6.699921
6.699921
6.699921
6.699921
6.699921
6.194199
5.869705
5.696884
5.604858
5.529739
5.515823
5.508423
5.504486
5.501266
5.500671
5.500366
5.500198
5.500092
5.500092
5.500092
5.500092
5.500092
5.500092
5.500092
5.500092
5.500092
5.500092
5.500092
5.500092
5.500092
5.500092
5.500092
5.500092
5.500092
5.500092
5.500092
5.500092
5.500092
5.500092
5.500092
5.500092
5.500092
5.500092
