0
0
0
0
0
0
0
0
0
0
0
0
0
0
0
0
0
0
0
0
0
0
0
0
0
0
0
0
0
0
0
0
0
0
0
0
0
0
0
0
0
0
0
0
0
0
0
0
0
0
0
0
0
0
0
0
0
0
0
0
0
0
0
0
0
0
0
0
0
0
0
0
0
0
0
0
0
0
0
0
0
0
0
0
0
0
0
0
0
0
0
0
0
0
0
0
0
0
0
0
0
0
0
0
0
0
0.8043575
1.849642
2.847204
3.556523
4.41937
4.674263
4.855485
4.984341
4.974465
4.889283
4.785299
4.755726
4.734707
4.574223
3.906808
2.892823
1.466155
1.044765
0.7452202
0.5322886
0.3809214
0.2733135
0
0
0
0
0
0
0
0
0
0
0
0
0
0
0
0
0
0
0
0
0
0
0.8067465
3.173223
4.690676
6.201816
7.300901
8.082285
8.637781
9.313445
9.51304
9.654932
9.755812
9.827528
9.878516
9.940524
9.958839
9.971862
9.981117
9.987698
9.992385
9.998083
9.853005
9.196243
8.15125
6.830235
5.312972
2.703381
1.922164
1.366739
0.9718513
0.6911039
0.4914951
0.3495836
0
0
0
0
0
0
0
0
0
0
0
0
0
0
0
0
0
0
0
0
0
0
0.8043766
1.849656
2.847209
3.556528
4.060836
4.419374
4.674268
4.984345
4.974461
4.889288
4.827518
4.785166
4.734678
4.574232
3.906841
2.892876
2.058992
1.466212
0.7452726
0.5323458
0.3809786
0.2733755
0
0
0
0
0
0
0
0
0
0
0
0
0
0
0
0
0
0
0
0
0
0
0.8068085
3.173285
4.690733
6.201878
7.300968
8.082356
8.637862
9.313526
9.513116
9.655004
9.755883
9.827595
9.914827
9.940596
9.958911
9.971933
9.981189
9.987769
9.99579
9.998155
9.853063
9.196281
8.151278
6.830258
5.312991
2.703385
1.922164
1.366739
0.9718513
0.6911039
0.3495836
0.2486897
0
0
0
0
0
0
0
0
0
0
0
0
0
0
0
0
0
0
0
0
0
0
0.8043623
1.849647
2.847209
4.060836
4.419374
4.674268
4.85549
4.984345
4.889345
4.827623
4.785318
4.75574
4.734721
3.906822
2.892838
2.058954
1.466169
1.044774
0.7452297
0.3809309
0.2733183
0
0
0
0
0
0
0
0
0
0
0
0
0
0
0
0
0
0
0
0
0
0
0.806756
1.842046
2.756057
3.405852
4.196239
4.429712
4.595695
4.713697
4.797583
4.899621
4.929767
4.951196
4.966426
4.977255
4.984951
4.994311
4.997082
4.852295
4.195733
3.160882
1.598005
1.13627
0.8079863
0.5745935
0.408659
0.2068138
0
0
0
0
0
0
0
0
0
0
0
0
0
0
0
0
0
0
0
0
0
0
0
0
0
0
0
0
0
0
0
0
0
0
0
0
0
0
0
0
0
0
0
0
0.8043528
1.849647
2.847209
3.556528
4.060836
4.060836
4.419374
4.674268
4.85549
4.984345
4.974465
4.889174
4.827585
4.785337
4.734726
4.574242
3.906813
2.892823
2.05894
1.46615
1.04475
0.7452059
0.5322742
0.2732944
0
0
0
0
0
0
0
0
0
0
0
0
0
0
0
0
0
0
0
0
0
0
0
0.8067322
1.851983
3.173213
4.690657
6.201801
8.082256
8.637753
9.032664
9.313421
9.513011
9.654903
9.755788
9.827504
9.878488
9.914737
9.940505
9.971843
9.981093
9.987669
9.992347
9.99568
9.998045
9.196224
8.15124
6.83023
5.312967
3.802171
2.703381
1.922164
1.366739
0.9718513
0.6911039
0.4914951
0.2486897
0
0
0
0
0
0
0
0
0
0
0
0
0
0
0
0
0
0
0
0
0
0
0
0
0
0.8043671
1.849647
2.847209
3.556528
4.060836
4.419374
4.674268
4.85549
4.984345
4.97447
4.889445
4.827709
4.785376
4.755778
4.58919
3.917441
2.900376
2.0643
1.469951
0.7471275
0.5336523
0.3818846
0.2739859
0
0
0
0
0
0
0
0
0
0
0
0
0
0
0
0
0
0
0
0
0
0
0
0
0
0.8067465
1.851988
3.173218
4.690657
6.201801
7.300878
8.082256
8.637753
9.032664
9.313416
9.654899
9.755783
9.827499
9.878483
9.914732
9.9405
9.958816
9.971838
9.981089
9.987664
9.992342
9.99804
9.852972
9.196224
8.15124
6.83023
5.312972
3.802176
2.703381
1.922164
1.366739
0.9718513
0.4914951
0.3495836
0.2486897
0
0
0
0
0
0
0
0
0
0
0
0
0
0
0
0
0
0
0
0
0
0
0.8043671
1.849647
2.847209
3.556528
4.060836
4.674268
4.85549
4.984345
4.974475
4.889064
4.78529
4.755716
4.734702
4.574223
3.906798
2.892814
1.466146
1.044745
0.7452011
0.5322742
0.3809071
0
0
0
0
0
0
0
0
0
0
0
0
0
0
0
0
0
0
0
0
0
0.8067369
1.842027
2.756033
3.405828
3.867788
4.429674
4.595656
4.713659
4.797549
4.857187
4.899583
4.951158
4.966388
4.977217
4.984913
4.990387
4.997044
4.852266
4.195719
3.160868
2.247434
1.13627
0.8079863
0.5745935
0.408659
0.2906895
0.2068138
0
0
0
0
0
0
0
0
0
0
0
0
0
0
0
0
0
0
0
0
0
0
0
0
0
0
0
0
0
0
0
0
0
0
0
0
0
0
0
0.8043528
1.849647
3.556528
4.060836
4.419374
4.674268
4.85549
4.984345
4.88903
4.827504
4.78528
4.755716
4.734702
3.906803
2.892814
2.05893
1.466146
1.04475
0.5322742
0.3809023
0.2732944
0
0
0
0
0
0
0
0
0
0
0
0
0
0
0
0
0
0
0
0
0
0.8067465
3.173223
4.690661
6.201806
7.300882
8.082261
9.032669
9.313421
9.513011
9.654903
9.755788
9.827504
9.914732
9.9405
9.95882
9.971843
9.981093
9.992347
9.99568
9.998045
9.852972
9.196224
6.83023
5.312967
3.802171
2.703381
1.922164
1.366739
0.9718513
0.6911039
0.4914951
0.3495836
0
0
0
0
0
0
0
0
0
0
0
0
0
0
0
0
0
0
0
0
0
0
0
0.8043766
1.849656
2.847209
3.556528
4.060836
4.674268
4.85549
4.984345
4.974465
4.889407
4.827685
4.785371
4.734769
4.574285
3.906865
2.89288
2.058988
1.466208
1.044817
0.532341
0.3809738
0.2733612
0
0
0
0
0
0
0
0
0
0
0
0
0
0
0
0
0
0
0
0
0
0
0
1.85204
3.17327
4.690723
6.201873
7.300959
8.082337
8.637834
9.313512
9.513097
9.654989
9.755869
9.82758
9.878569
9.914808
9.958901
9.971924
9.981174
9.98775
9.992428
9.995761
9.853039
9.196267
8.151274
6.830254
5.312986
3.802185
2.70339
1.366744
0.9718561
0.6911087
0.4914999
0.3495884
0.2486944
0
0
0
0
0
0
0
0
0
0
0
0
0
0
0
0
0
0
0
0
0
0
0
0
0.8043671
1.849647
2.847209
3.556528
4.060836
4.419374
4.674268
4.85549
4.984345
4.974475
4.827418
4.785218
4.755664
4.734659
4.57418
3.906765
2.892795
1.466131
1.044741
0.7451963
0.5322695
0.3809023
0.2732897
0
0
0
0
0
0
0
0
0
0
0
0
0
0
0
0
0
0
0
0
0
0
0
0.8067369
1.842027
2.756033
3.405828
3.867788
4.429669
4.595652
4.713659
4.797549
4.857183
4.899583
4.929729
4.966388
4.977217
4.984913
4.990387
4.994273
4.997044
4.852266
4.195719
3.160868
2.247434
1.598001
1.13627
0.8079863
0.408659
0.2906895
0.2068138
0
0
0
0
0
0
0
0
0
0
0
0
0
0
0
0
0
0
0
0
0
0
0
0
0
0
0
0
0
0
0
0
0
0
0
0
0
0
0
0
0
0.8043528
1.849647
2.847209
3.556528
4.060836
4.419374
4.674268
4.85549
4.984345
4.974465
4.889107
4.827552
4.785309
4.755735
4.589157
3.917418
2.900367
2.064295
1.469955
1.047459
0.7471323
0.5336523
0.3818846
0.2739954
0
0
0
0
0
0
0
0
0
0
0
0
0
0
0
0
0
0
0
0
0
0
0
0
1.851993
3.173223
4.690666
6.201811
7.300887
8.082266
8.637757
9.032664
9.513011
9.654908
9.755793
9.827504
9.878492
9.914742
9.94051
9.958825
9.981098
9.987674
9.992352
9.995685
9.99805
9.852977
8.15124
6.83023
5.312967
3.802171
2.703381
1.366739
0.9718513
0.6911039
0.4914951
0.3495836
0
0
0
0
0
0
0
0
0
0
0
0
0
0
0
0
0
0
0
0
0
0
0
0
0
0
0
0.8043766
1.849656
2.847209
3.556528
4.060836
4.419374
4.674268
4.85549
4.974465
4.889412
