0
0
0
0
0
0
0
0
0
0
0
0
0
0
0
0
0
0
0
0
0
0
0
0
0
0
0
0
0
0
0
0
0
0
0
0
0
0
0
0
0
0
0
0
0
0
0
0
0
0
0
0
0
0
0
0
0
0
0
0
0
0
0
0
0
0
0
0
0
0
0
0
0
0
0
0
0
0
0
0
0
0
0
0
0
0
0
0
0
0
0
0
0
0
0
0
0
0
0
0
0
0
0
0
0
0
0
0
0
0
0
0
0
0.8043575
1.849642
2.847204
3.556523
4.060831
4.674263
4.855485
4.984341
4.974465
4.889097
4.827547
4.785309
4.755735
4.574237
3.906813
2.892828
2.058945
1.46616
1.04476
0.7452154
0.5322886
0.2733088
0
0
0
0
0
0
0
0
0
0
0
0
0
0
0
0
0
0
0
0
0
0
0
0.806756
3.173227
4.690671
6.201811
7.300892
8.082275
8.637772
9.032683
9.31344
9.654927
9.755807
9.827518
9.878511
9.914756
9.940519
9.958835
9.971862
9.981122
9.992385
9.995713
9.998078
9.853001
9.196239
8.15125
6.830235
5.312972
2.703381
1.922164
1.366739
0.9718513
0.6911039
0.4914951
0.3495836
0.2486897
0
0
0
0
0
0
0
0
0
0
0
0
0
0
0
0
0
0
0
0
0
0
0.8043766
1.849656
2.847209
3.556528
4.419374
4.674268
4.85549
4.984345
4.974461
4.889197
4.827456
4.785132
4.734659
4.574213
3.906822
2.892861
2.058978
1.466198
1.044812
0.7452726
0.5323458
0.2733755
0
0
0
0
0
0
0
0
0
0
0
0
0
0
0
0
0
0
0
0
0
0
0
0
1.852045
3.17328
4.690733
6.201878
7.300968
8.082352
8.637857
9.032769
9.513106
9.654999
9.755883
9.82759
9.878583
9.914827
9.958906
9.971933
9.981194
9.987769
9.992456
9.995785
9.853058
9.196277
8.151278
6.830258
5.312991
3.80218
1.922164
1.366739
0.9718513
0.6911039
0.4914951
0.3495836
0.2486897
0
0
0
0
0
0
0
0
0
0
0
0
0
0
0
0
0
0
0
0
0
0
0
0
0
0
0.8043671
1.849647
1.849647
2.847209
3.556528
4.060836
4.674268
4.85549
4.984345
4.974465
4.88904
4.827509
4.78528
4.755721
4.734712
4.574227
3.906813
2.058945
1.46616
1.044765
0.7452202
0.3809214
0.2733183
0
0
0
0
0
0
0
0
0
0
0
0
0
0
0
0
0
0
0
0
0
0
0
0
0
0.8067513
1.842046
3.405852
3.867817
4.196229
4.429708
4.713693
4.797583
4.857216
4.899611
4.929757
4.966416
4.977245
4.984941
4.990416
4.994302
4.852285
4.852285
4.195733
2.247443
1.598005
0.5745935
0.2068138
0
0
0
0
0
0
0
0
0
0
0
0
0
0
0
0
0
0
0
0
0
0
0
0
0
0
0
0
0
0
0
0
0
0
0.8043528
1.849647
3.556528
4.060836
4.419374
4.674268
4.85549
4.974465
4.889183
4.8276
4.785347
4.755759
4.734735
3.906817
2.892828
2.058945
1.466155
1.044755
0.7452106
0.532279
0.2732944
0
0
0
0
0
0
0
0
0
0
0
0
0
0
0
0
0
0
0
0
0
0
0.8067417
1.851988
3.173218
4.690661
6.201806
7.300882
8.637757
9.032664
9.313426
9.513011
9.654908
9.755793
9.827504
9.914737
9.940505
9.958825
9.971848
9.981098
9.987674
9.992352
9.995685
9.99805
9.852977
9.196224
8.15124
5.312967
3.802171
2.703381
1.922164
1.366739
0.9718513
0.6911039
0.4914951
0.3495836
0
0
0
0
0
0
0
0
0
0
0
0
0
0
0
0
0
0
0
0
0
0
0
0.8043671
1.849647
2.847209
3.556528
4.060836
4.674268
4.674268
4.984345
4.974475
4.889421
4.827681
4.785352
4.755764
4.734726
4.574237
2.892823
2.05894
1.46615
1.04475
0.7452059
0.5322742
0.3808975
0.2732897
0
0
0
0
0
0
0
0
0
0
0
0
0
0
0
0
0
0
0
0
0
0
0
0
0
0
0.8067274
1.851978
3.173208
4.690652
6.201797
7.300873
8.082252
8.637748
9.03266
9.313416
9.654899
9.755783
9.827499
9.878483
9.914732
9.9405
9.958816
9.971838
9.981089
9.987664
9.995675
9.99804
9.852972
9.196224
8.15124
6.83023
5.312967
3.802171
2.703381
1.922164
1.366739
0.9718513
0.6911039
0.4914951
0.3495836
0.2486897
0
0
0
0
0
0
0
0
0
0
0
0
0
0
0
0
0
0
0
0
0
0
0
0
0.8043766
1.849656
2.847209
3.556528
4.060836
4.419374
4.85549
4.984345
4.974465
4.889412
4.827685
4.785366
4.755797
4.574285
3.90687
2.892885
2.058992
1.044817
0.7452679
0.532341
0.3809738
0.2733612
0
0
0
0
0
0
0
0
0
0
0
0
0
0
0
0
0
0
0
0
0
0
0
0
0
0
0
0
0.4211473
2.337976
3.656526
4.322953
4.659767
4.829988
4.916019
4.959497
4.98147
4.992585
4.995861
4.853091
3.161283
1.598206
0.8081007
0.5746746
0.2907372
0
0
0
0
0
0
0
0
0
0
0
0
0
0
0
0
0
0
0
0
0
0
0
0
0
0.8043528
2.847209
4.060836
4.674268
4.85549
4.974675
4.826603
4.755096
4.717808
4.700603
4.546371
2.878733
1.459012
1.039677
0.5297232
0.2720118
0
0
0
0
0
0
0
0
0
0
0
0
0
0.8067369
1.851978
4.690661
7.300878
8.637767
9.313431
9.513016
9.755793
9.878492
9.914737
9.914737
9.95883
9.981103
9.992356
9.998055
9.19652
6.830382
3.802242
1.922193
0.9718609
0.4914999
0.2486944
0.2486944
0
0
0
0
0
0
0
0
0
0
0
0
0
0
0.8043671
2.847209
3.556528
4.419374
4.85549
4.974675
4.826517
4.784546
4.731874
4.70726
4.695311
3.886933
2.878714
1.45905
0.7416534
0.3791571
0
0
0
0
0
0
0
0
0
0
0
0
0
0
0
0.8068037
3.17328
6.201873
8.082337
8.637834
9.313512
9.654989
9.82758
9.878569
9.940586
9.971929
9.987755
9.995761
9.999032
9.853454
8.151484
5.313096
2.703452
1.366763
0.9718657
0.4914999
0.2486944
0
0
0
0
0
0
0
0
0
0
0
0
0
0
0.8043671
2.847209
4.060836
4.419374
4.85549
4.974675
4.887891
4.784627
4.732261
4.707503
4.700427
4.546275
2.878699
1.459012
0.741601
0.3790855
0
0
0
0
0
0
0
0
0
0
0
0
0
0
0
0.8067465
2.756038
3.405828
4.196205
4.595661
4.797554
4.899592
4.951167
4.977226
4.990396
4.997053
4.852905
4.196172
2.247663
1.136394
0.5746603
0.2907324
0
0
0
0
0
0
0
0
0
0
0
0
0
0
0
0
0
0
0
0
0
0
0
0
0
0.8043528
2.847209
4.060836
4.419374
4.85549
4.974675
4.887896
4.784579
4.731941
4.707365
4.695344
3.886924
2.048898
1.039696
0.529747
0.2720451
0
0
0
0
0
0
0
0
0
0
0
0
0
0
1.852021
4.690695
6.201835
7.300911
7.300911
8.6378
8.6378
8.6378
8.6378
9.313474
9.513059
9.607325
9.803462
9.861412
9.902611
9.931898
9.952717
9.978037
9.985509
9.990826
9.994612
9.997301
9.195848
8.150964
6.830034
5.312834
3.80208
2.703314
1.366696
0.9718227
0.6910801
0.4914808
0.3495693
0
0
0
0
0
0
0
0
0
0
0
0
0
0
0
0
0
0
0
0
0
0
0.8043671
1.849647
3.556528
4.060836
4.419374
4.674268
4.85549
4.974465
4.889426
4.82769
4.785361
4.755764
4.719796
4.563618
3.89926
2.887459
2.055116
1.042819
0.7438278
0.5312967
0.3802109
0.2728033
0
0
0
0
0
0
0
0
0
0
0
0
0
0
0
0
0
0
0
0
0
0.8067369
1.851988
3.173218
4.690666
6.201806
8.082266
8.637762
9.032669
9.313431
9.513016
9.755793
9.827504
9.878492
9.914742
9.94051
9.95883
9.981103
9.987679
9.992356
9.995685
9.99805
9.196224
8.15124
6.83023
5.312967
3.802171
2.703381
1.366739
0.9718513
0.6911039
0.4914951
0.3495836
0.2486897
0
0
0
0
0
0
0
0
0
0
0
0
0
0
0
0
0
0
0
0
0
0
0
0
0.8043766
1.849656
2.847209
3.556528
4.419374
4.674268
4.85549
4.984345
4.974465
4.889302
4.827604
4.827604
4.785304
4.755721
3.917422
2.900357
2.06429
2.06429
2.06429
0.7471323
0.5336523
0.3818846
0.2739954
0
0
0
