0
0
0
0
0
0
0
0
0
0
0
0
0
0
0
0
0
0
0
0
0
0
0
0
0
0
0
0
0
0
0
0
0
0
0
0
0
0
0
0
0
0
0
0
0
0
0
0
0
0
0
0
0
0
0
0
0
0
0
0
0
0
0
0
0
0
0
0
0
0
0
0
0
0
0
0
0
0
0
0
0
0
0
0
0
0
0
0
0
0
0
0
0
0
0
0
0
0
0.8043575
1.849642
3.556523
4.060831
4.41937
4.674263
4.984341
4.974465
4.889479
4.827743
4.755797
4.734759
4.71981
4.563632
2.887478
2.055144
1.463451
1.042833
0.5313158
0.3802299
0.2728224
0
0
0
0
0
0
0
0
0
0
0
0
0
0
0
0
0
0
0
0
0
0.8067513
3.173227
4.690676
6.201816
8.08228
8.637781
9.032693
9.31345
9.513035
9.755807
9.827523
9.878516
9.940524
9.958839
9.971862
9.981127
9.99239
9.995718
9.998083
9.853005
8.15125
6.830235
5.312972
3.802176
1.922164
1.366739
0.9718513
0.6911039
0.3495836
0.2486897
0
0
0
0
0
0
0
0
0
0
0
0
0
0
0
0
0
0
0
0
0
0.8043671
2.847209
3.556528
4.060836
4.419374
4.85549
4.984345
4.974461
4.88946
4.785237
4.755712
4.734716
4.719796
3.899312
2.887521
2.055178
1.463499
0.7439089
0.5313778
0.3802919
0.2728844
0
0
0
0
0
0
0
0
0
0
0
0
0
0
0
0
0
0
0
0
0.8068037
1.852055
3.173289
4.690738
6.201882
8.082361
8.637867
9.032779
9.513121
9.655008
9.755888
9.8276
9.914832
9.9406
9.958916
9.971933
9.987769
9.992456
9.99579
9.998155
9.196281
8.151278
6.830258
5.312991
2.703385
1.922164
1.366739
0.9718513
0.4914951
0.3495836
0.2486897
0
0
0
0
0
0
0
0
0
0
0
0
0
0
0
0
0
0
0
0
0.8043766
2.847209
3.556528
4.060836
4.419374
4.85549
4.984345
4.974465
4.889479
4.827743
4.755802
4.734769
4.71982
4.563637
2.887492
2.055154
1.463461
1.042843
0.5313253
0.3802395
0.2728319
0
0
0
0
0
0
0
0
0
0
0
0
0
0
0
0
0
0
0
0
0
1.842046
2.756057
3.405852
3.867822
4.429712
4.595695
4.713697
4.797583
4.899621
4.929767
4.951191
4.97725
4.984946
4.99042
4.994307
4.85229
4.195733
3.160882
2.247443
1.13627
0.8079863
0.5745935
0.408659
0.2068138
0
0
0
0
0
0
0
0
0
0
0
0
0
0
0
0
0
0
0
0
0
0
0
0
0
0
0
0
0
0
0
0
0
0
0
0
0
0.8043528
1.849647
2.847209
4.060836
4.419374
4.674268
4.85549
4.974465
4.889359
4.827638
4.785323
4.734712
4.719787
4.563613
3.89926
2.055116
1.463437
1.042819
0.7438278
0.3802109
0.2728033
0
0
0
0
0
0
0
0
0
0
0
0
0
0
0
0
0
0
0
0
0.806756
1.851997
4.690666
6.201806
7.300887
8.082266
9.032669
9.313431
9.513016
9.654908
9.827504
9.878492
9.914742
9.94051
9.971852
9.981103
9.987679
9.992356
9.99805
9.852977
9.196224
8.15124
5.312967
3.802171
2.703381
1.922164
0.9718513
0.6911039
0.4914951
0.3495836
0.2486897
0
0
0
0
0
0
0
0
0
0
0
0
0
0
0
0
0
0
0
0
0.8043671
1.849647
2.847209
3.556528
4.419374
4.674268
4.85549
4.984345
4.889402
4.827676
4.785342
4.734726
4.719787
4.563608
3.899245
2.055111
1.463428
1.042809
0.7438278
0.3802109
0.2728033
0
0
0
0
0
0
0
0
0
0
0
0
0
0
0
0
0
0
0
0
0
0.8067274
3.173208
4.690652
6.201797
7.300873
8.637753
9.032664
9.313421
9.513011
9.755783
9.827499
9.878483
9.914732
9.95882
9.971843
9.981093
9.987669
9.995675
9.99804
9.852972
9.196224
8.15124
5.312972
3.802176
2.703381
1.922164
0.9718513
0.6911039
0.4914951
0.3495836
0
0
0
0
0
0
0
0
0
0
0
0
0
0
0
0
0
0
0
0
0
0.8043623
1.849647
2.847209
4.060836
4.419374
4.674268
4.85549
4.974475
4.889207
4.827623
4.785361
4.734735
4.719787
4.563608
3.89926
2.055116
1.463423
1.042805
0.7438278
0.3802156
0.2727985
0
0
0
0
0
0
0
0
0
0
0
0
0
0
0
0
0
0
0
0
0
0.8067322
2.756033
3.405828
3.867788
4.429674
4.595656
4.713659
4.797549
4.899583
4.929729
4.951158
4.966388
4.984913
4.990387
4.994273
4.997044
4.195719
3.160868
2.247434
1.598001
0.8079863
0.5745935
0.408659
0.2906895
0
0
0
0
0
0
0
0
0
0
0
0
0
0
0
0
0
0
0
0
0
0
0
0
0
0
0
0
0
0
0
0
0
0
0
0
0
0.8043528
1.849647
2.847209
4.060836
4.419374
4.674268
4.85549
4.974465
4.889221
4.827538
4.785252
4.734678
4.719753
4.563594
3.899245
2.055116
1.463437
1.042819
0.7438278
0.5312967
0.2728033
0
0
0
0
0
0
0
0
0
0
0
0
0
0
0
0
0
0
0
0
0
0.8067369
3.173218
4.690666
6.201806
7.300882
8.637762
9.032669
9.313431
9.513016
9.755793
9.827504
9.878492
9.94051
9.971852
9.981103
9.987679
9.992356
9.995685
9.852977
9.196224
6.83023
5.312967
3.802171
2.703381
1.366739
0.9718513
0.6911039
0.4914951
0.3495836
0
0
0
0
0
0
0
0
0
0
0
0
0
0
0
0
0
0
0
0
0
0.8043671
1.849647
3.556528
4.060836
4.419374
4.674268
4.984345
4.974465
4.889455
4.827762
4.755778
4.734745
4.71982
3.899312
2.887516
2.055173
1.463494
0.7438993
0.5313683
0.3802824
0.2728701
0
0
0
0
0
0
0
0
0
0
0
0
0
0
0
0
0
0
0
0
0
1.852031
3.173261
4.690719
6.201863
8.082333
8.637838
9.032745
9.313502
9.65498
9.755864
9.827576
9.914813
9.940581
9.958897
9.971919
9.987745
9.992423
9.995751
9.998116
9.196262
8.151269
6.830249
5.312986
2.70339
1.922169
1.366744
0.9718561
0.4914999
0.3495884
0.2486944
0
0
0
0
0
0
0
0
0
0
0
0
0
0
0
0
0
0
0
0
0.8043623
1.849647
2.847209
3.556528
4.419374
4.674268
4.85549
4.984345
4.889379
4.827576
4.785213
4.755673
4.719768
4.563622
3.899288
2.887502
1.46349
1.042881
0.7438993
0.5313683
0.2728701
0
0
0
0
0
0
0
0
0
0
0
0
0
0
0
0
0
0
0
0
0.8067989
1.842089
2.7561
3.86786
4.196277
4.42976
4.595737
4.797635
4.857268
4.899669
4.92981
4.966464
4.977293
4.984994
4.990468
4.997125
4.852328
4.195757
3.160901
1.59801
1.136274
0.807991
0.5745983
0.2906895
0.2068138
0
0
0
0
0
0
0
0
0
0
0
0
0
0
0
0
0
0
0
0
0
0
0
0
0
0
0
0
0
0
0
0
0
0
0
0
0
0
1.849647
2.847209
3.556528
4.060836
4.674268
4.85549
4.984345
4.974465
4.827571
4.785318
4.75574
4.734721
4.563613
3.899255
2.887449
2.055116
1.042814
0.7438326
0.5313015
0.3802156
0
0
0
0
0
0
0
0
0
0
0
0
0
0
0
0
0
0
0
0
0
0.8067322
1.851983
4.690657
6.201801
7.300878
8.082256
9.032669
9.313426
9.513016
9.654903
9.827504
9.878488
9.914732
9.9405
9.971843
9.981093
9.987669
9.992347
9.998045
9.852972
9.196224
8.15124
5.312967
3.802171
2.703381
1.922164
0.9718513
0.6911039
0.4914951
0.3495836
0
0
0
0
0
0
0
0
0
0
0
0
0
0
0
0
0
0
0
0
0
0.8043671
1.849647
2.847209
4.060836
4.419374
4.674268
4.85549
4.974465
4.889426
4.827623
4.785252
4.755702
4.719777
4.563622
3.899288
2.887502
1.463485
1.042876
0.7438946
0.5313635
0.2728701
0
0
0
0
0
0
0
0
0
0
0
0
0
0
0
0
0
0
0
0
0
0.8067846
1.852031
4.690719
6.201863
7.300949
8.082328
9.032745
9.313502
9.513087
9.65498
9.827576
9.878564
9.914813
9.958897
9.971919
9.98117
9.987745
9.995751
9.998116
9.853034
9.196262
6.830249
5.312986
3.802185
2.70339
1.366744
0.9718561
0.6911087
0.4914999
0.2486944
0
0
0
0
0
0
0
0
0
0
0
0
0
0
0
0
0
0
0
0
0
0.8043623
1.849647
2.847209
4.060836
4.419374
4.674268
4.85549
4.974675
4.887881
4.826517
