0
0
0
0
0
0
0
0
0
0
0
0
0
0
0
0
0
0
0
0
0
0
0
0
0
0
0
0
0
0
0
0
0
0
0
0
0
0
0
0
0
0
0
0
0
0
0
0
0
0
0
0
0
0
0
0
0
0
0
0
0
0
0
0
0
0
0
0
0
0
0
0
0
0
0
0
0
0
0
0
0
0
0
0
0
0
0
0
0
0
0
0
0
0
0
0
0
0
0
0
0
0
0.8043575
1.849642
2.847204
4.060831
4.41937
4.674263
4.855485
4.974465
4.889078
4.827433
4.785185
4.734654
4.719739
4.56358
3.899245
2.055125
1.463442
1.042829
0.7438469
0.3802299
0.2728224
0
0
0
0
0
0
0
0
0
0
0
0
0
0
0
0
0
0
0
0
0
0.8067608
1.852002
3.173232
6.20182
7.300901
8.082285
8.637786
9.31345
9.513044
9.654932
9.755812
9.878516
9.914761
9.940529
9.958844
9.981117
9.987702
9.99239
9.995723
9.998088
9.196248
8.151255
6.830239
5.312977
2.703385
1.922164
1.366739
0.9718513
0.4914951
0.3495836
0.2486897
0
0
0
0
0
0
0
0
0
0
0
0
0
0
0
0
0
0
0
0
0
0.8043575
1.849647
3.556528
4.060836
4.419374
4.674268
4.85549
4.974461
4.889464
4.827952
4.785485
4.73485
4.719892
4.563718
3.899355
2.055192
1.463504
1.042891
0.7439041
0.531373
0.2728796
0
0
0
0
0
0
0
0
0
0
0
0
0
0
0
0
0
0
0
0
0
0.8067989
1.85205
3.173285
6.201501
7.300081
8.081574
8.637257
9.313197
9.512887
9.654846
9.755769
9.827509
9.914775
9.940553
9.958878
9.971914
9.987764
9.992452
9.995785
9.99815
9.196277
8.151278
6.830258
5.312991
2.703385
1.922164
1.366739
0.9718513
0.4914951
0.3495836
0.2486897
0
0
0
0
0
0
0
0
0
0
0
0
0
0
0
0
0
0
0
0
0.8043766
1.849656
2.847209
3.556528
4.419374
4.674268
4.85549
4.984345
4.889154
4.827499
4.785237
4.755683
4.734683
4.563599
3.899264
2.887473
2.05514
1.042838
0.7438564
0.5313253
0.3802395
0
0
0
0
0
0
0
0
0
0
0
0
0
0
0
0
0
0
0
0
0
0.8067608
2.756062
3.405857
3.867826
4.196239
4.59569
4.713697
4.797583
4.857225
4.929767
4.951196
4.966426
4.977255
4.984951
4.994311
4.997082
4.852295
4.195733
2.247443
1.598005
1.13627
0.8079863
0.408659
0.2906895
0.2068138
0
0
0
0
0
0
0
0
0
0
0
0
0
0
0
0
0
0
0
0
0
0
0
0
0
0
0
0
0
0
0
0
0
0
0
0
0
0.8043528
1.849642
2.847204
4.060831
4.41937
4.674263
4.984341
4.984341
4.889393
4.681802
3.982682
3.982682
2.946754
2.097268
1.493392
1.064119
1.064119
0.7589674
0.3878641
0.278244
0.2003288
0
0
0
0
0
0
0
0
0
0
0
0
0
0
0
0
0
0
0
0
0
0
0.8067322
1.851983
3.173213
6.201797
7.300878
8.082261
8.637757
9.032664
9.513011
9.654908
9.755793
9.827504
9.878492
9.94051
9.958825
9.971848
9.981098
9.987674
9.995685
9.99805
9.852977
9.196224
8.15124
6.83023
3.802171
2.703381
1.922164
1.366739
0.9718513
0.4914951
0.3495836
0.2486897
0
0
0
0
0
0
0
0
0
0
0
0
0
0
0
0
0
0
0
0
0
0
0.8043575
2.847209
3.556528
4.060836
4.419374
4.674268
4.984345
4.97447
4.889436
4.827633
4.785261
4.755712
4.719787
4.563632
3.899298
2.887506
1.46349
1.042881
0.7438993
0.5313683
0.2728701
0
0
0
0
0
0
0
0
0
0
0
0
0
0
0
0
0
0
0
0
0
0
1.852031
3.173261
4.690714
6.201091
7.299781
8.081412
9.032245
9.313135
9.512835
9.654803
9.755735
9.878492
9.914746
9.940534
9.958868
9.9719
9.987741
9.992428
9.995756
9.998121
9.853039
9.196267
6.830254
5.312986
3.802185
2.70339
1.922169
0.9718561
0.6911087
0.4914999
0.3495884
0.2486944
0
0
0
0
0
0
0
0
0
0
0
0
0
0
0
0
0
0
0
0
0
0
1.849647
2.847209
3.556528
4.060836
4.419374
4.674268
4.984345
4.97447
4.88925
4.827485
4.785161
4.734659
4.574203
3.906817
2.892852
2.058969
1.466198
0.7452583
0.5323315
0.3809643
0.2733517
0
0
0
0
0
0
0
0
0
0
0
0
0
0
0
0
0
0
0
0
0
0
1.842084
2.756095
3.40589
3.867855
4.196272
4.595737
4.71374
4.79763
4.857268
4.899669
4.92981
4.966469
4.977298
4.984994
4.990468
4.994354
4.852328
4.195757
3.160901
2.247448
1.59801
0.807991
0.5745983
0.4086637
0.2906895
0.2068138
0
0
0
0
0
0
0
0
0
0
0
0
0
0
0
0
0
0
0
0
0
0
0
0
0
0
0
0
0
0
0
0
0
0
0
0
0
0
0.8043528
1.849642
2.847204
3.556523
4.060831
4.41937
4.855485
4.984341
4.974461
4.889359
4.827566
4.785213
4.734683
4.574218
3.906817
2.892847
2.058964
1.044807
0.7452583
0.532341
0.3809738
0.2733612
0
0
0
0
0
0
0
0
0
0
0
0
0
0
0
0
0
0
0
0
0
0.8068132
3.173285
4.690728
6.201878
7.300963
8.082347
8.637843
9.313512
9.513097
9.654994
9.755874
9.82758
9.878569
9.940581
9.958906
9.971929
9.98776
9.98776
9.995766
10
10
9.854412
9.197245
6.83074
5.313334
2.703562
1.922288
1.366825
0.9719181
0.6911516
0.3496122
0.2487135
0
0
0
0
0
0
0
0
0
0
0
0
0
0
0
0
0
0
0
0
0
0.8043575
1.849647
2.847209
3.556528
4.419374
4.674268
4.85549
4.984345
4.889312
4.827533
4.78518
4.755664
4.719763
4.563613
3.899279
2.887492
2.055159
1.042881
0.7438993
0.5313683
0.3802824
0
0
0
0
0
0
0
0
0
0
0
0
0
0
0
0
0
0
0
0
0
0.8067894
1.852036
3.173265
4.690723
7.300119
8.081584
8.637218
9.032297
9.313183
9.654827
9.755754
9.827499
9.878502
9.940534
9.958868
9.9719
9.981165
9.992428
9.995756
9.998121
9.853039
8.151274
6.830254
5.312986
3.802185
1.922169
1.366744
0.9718561
0.6911087
0.3495884
0.2486944
0
0
0
0
0
0
0
0
0
0
0
0
0
0
0
0
0
0
0
0
0
0.8043623
1.849647
2.847209
4.060836
4.419374
4.674268
4.85549
4.974465
4.888873
4.82728
4.785089
4.734621
4.719729
4.563589
3.89926
2.887478
1.463475
1.042871
0.7438898
0.5313587
0.2728701
0
0
0
0
0
0
0
0
0
0
0
0
0
0
0
0
0
0
0
0
0
0.8067894
1.842079
2.75609
3.86785
4.196267
4.42975
4.595733
4.79763
4.857273
4.899669
4.92981
4.966469
4.977298
4.984994
4.990468
4.997125
4.852328
4.195757
3.160901
2.247448
1.136274
0.807991
0.5745983
0.4086637
0.2068138
0
0
0
0
0
0
0
0
0
0
0
0
0
0
0
0
0
0
0
0
0
0
0
0
0
0
0
0
0
0
0
0
0
0
0
0
0
0
0.8043528
1.849642
2.847204
4.060831
4.41937
4.674263
4.855485
4.974461
4.889255
4.827652
4.785385
4.73475
4.719801
4.563618
3.899255
2.055116
1.463432
1.042814
0.7438326
0.5312967
0.2728033
0
0
0
0
0
0
0
0
0
0
0
0
0
0
0
0
0
0
0
0
0
0.8067465
1.851993
3.173223
6.201806
7.300882
8.082261
8.637757
9.313421
9.513011
9.654903
9.755788
9.878488
9.914732
9.9405
9.95882
9.971843
9.987669
9.992347
9.99568
9.998045
9.196224
8.15124
6.83023
5.312967
2.703381
1.922164
1.366739
0.9718513
0.4914951
0.3495836
0.2486897
0
0
0
0
0
0
0
0
0
0
0
0
0
0
0
0
0
0
0
0
0
0.8043575
1.849647
3.556528
4.060836
4.419374
4.674268
4.984345
4.97447
4.88935
4.827557
4.755683
4.734688
4.719772
4.563622
2.887502
2.055163
1.463485
1.042876
0.7438946
0.3802776
0.2728653
0
0
0
0
0
0
0
0
0
0
0
0
0
0
0
0
0
0
0
0
0.8067989
1.852045
3.173275
6.201477
7.300186
8.081636
8.63728
9.313192
9.512873
9.654827
9.755754
9.878502
9.914751
9.940534
9.958868
