0
0
0
0
0
0
0
0
0
0
0
0
0
0
0
0
0
0
0
0
0
0
0
0
0
0
0
0
0
0
0
0
0
0
0
0
0
0
0
0
0
0
0
0
0
0
0
0
0
0
0
0
0
0
0
0
0
0
0
0
0
0
0
0
0
0
0
0
0
0
0
0
0
0
0
0
0
0
0
0
0
0
0
0
0
0
0
0
0
0
0
0
0
0
0
0
0
0
0
0
0
0
0
0
0
0
0
0
0.8043575
1.849642
2.847204
3.556523
4.060831
4.674263
4.855485
4.984341
4.974465
4.889288
4.827595
4.755726
4.734707
4.574223
3.906808
2.892823
1.466155
1.044765
0.7452202
0.5322933
0.3809261
0.2733135
0
0
0
0
0
0
0
0
0
0
0
0
0
0
0
0
0
0
0
0
0
0
0.8067369
1.851988
4.690676
6.201816
7.300901
8.082285
9.032693
9.313445
9.51304
9.654932
9.755812
9.827528
9.914761
9.940524
9.958839
9.971862
9.981117
9.987698
9.995718
9.998083
9.853005
9.196243
8.15125
5.312972
3.802176
2.703381
1.922164
1.366739
0.9718513
0.6911039
0.4914951
0.2486897
0
0
0
0
0
0
0
0
0
0
0
0
0
0
0
0
0
1.849642
5.075946
4.8843
4.733438
3.898845
1.042762
0.3802443
0
0
0
0
0
0
0
0
0
0
0
0
0
0
0
0
0
0
0
0
0.8067942
3.17328
4.690733
6.201382
8.081741
8.637424
9.032459
9.313307
9.512963
9.755797
9.827533
9.878531
9.940553
9.958878
9.981184
9.987764
9.992452
9.995785
9.99815
9.196277
8.151278
6.830258
5.312991
2.703385
1.922164
1.366739
0.9718513
0.4914951
0.3495836
0.2486897
0
0
0
0
0
0
0
0
0
0
0
0
0
0
0
0
0
0
0
0
0
0.8043671
1.849647
2.847209
3.556528
3.556528
4.060836
4.419374
4.674268
4.85549
4.984345
4.974465
4.827514
4.785285
4.755721
4.734712
3.906813
2.892828
2.058945
1.46616
0.7452202
0.5322886
0.3809214
0.2733183
0
0
0
0
0
0
0
0
0
0
0
0
0
0
0
0
0
0
0
0
0
1.851993
3.173223
4.690681
6.201005
8.081503
8.637233
9.032316
9.313183
9.654799
9.755716
9.827456
9.878454
9.940491
9.958816
9.971843
9.981108
9.992385
9.995718
9.998083
9.853005
8.15125
6.830235
5.312972
3.802176
1.922164
1.366739
0.9718513
0.6911039
0.3495836
0.2486897
0
0
0
0
0
0
0
0
0
0
0
0
0
0
0
0
0
0
0
0
0
0
0
0
0
0
0
0
0
0
0
0
0
0
0
0
0.8043528
1.849647
2.847209
4.060836
4.419374
4.674268
4.85549
4.984345
4.888821
4.827347
4.785171
4.75564
4.734645
4.719729
4.563565
3.899221
2.887435
1.463423
1.042814
0.7438326
0.5312967
0.3802109
0
0
0
0
0
0
0
0
0
0
0
0
0
0
0
0
0
0
0
0
0
0
1.851978
3.173208
4.690657
6.194057
8.033285
8.595829
9.002213
9.287968
9.486527
9.730849
9.806314
9.859514
9.898224
9.945798
9.960628
9.971261
9.979043
9.984322
9.990892
9.99269
9.993973
9.849753
8.1496
6.829062
5.312138
3.801579
1.921864
1.366529
0.9717083
0.690999
0.4914188
0.248642
0
0
0
0
0
0
0
0
0
0
0
0
0
0
0
0
0
0
0
0
0.8043766
1.849656
2.847209
3.556528
4.060836
4.419374
4.85549
4.984345
4.97448
4.889121
4.82739
4.755578
4.734612
4.719725
4.563594
3.899264
2.055149
1.46348
1.042876
0.7438946
0.3802824
0.2728701
0
0
0
0
0
0
0
0
0
0
0
0
0
0
0
0
0
0
0
0
0.8067989
1.852045
3.173275
4.690723
6.850734
7.71328
8.372922
8.843317
9.415259
9.584179
9.704399
9.789858
9.850526
9.924569
9.946518
9.962134
9.973292
9.986858
9.990892
9.993777
9.995856
9.19497
8.150339
6.829591
5.31251
2.703142
1.921988
1.366615
0.9717607
0.6910372
0.3495455
0.2486563
0
0
0
0
0
0
0
0
0
0
0
0
0
0
0
0
0
0
0
0
0.8043766
1.849656
2.847209
4.060836
4.419374
4.674268
4.85549
4.984345
4.889498
4.827652
4.785275
4.755726
4.719796
4.563637
3.899302
2.887511
1.46349
1.042881
0.7438993
0.5313683
0.2728701
0
0
0
0
0
0
0
0
0
0
0
0
0
0
0
0
0
0
0
0
0
1.852045
3.173275
4.690723
6.201873
8.082337
8.637838
9.03275
9.313507
9.654984
9.755864
9.827576
9.914808
9.940581
9.958901
9.971924
9.98775
9.992428
9.995756
9.998121
9.196267
8.151274
6.830254
5.312986
3.802185
1.922169
1.366744
0.9718561
0.6911087
0.3495884
0.2486944
0
0
0
0
0
0
0
0
0
0
0
0
0
0
0
0
0
0
0
0
0
0
0
0
0
0
0
0
0
0
0
0
0
0
0
0.8043528
1.849647
2.847209
3.556528
4.419374
4.674268
4.85549
4.984345
4.889483
4.827743
4.785399
4.755797
4.719806
4.563627
3.899264
2.887459
2.055116
1.042819
0.7438278
0.5312967
0.3802109
0
0
0
0
0
0
0
0
0
0
0
0
0
0
0
0
0
0
0
0
0
0
1.851978
3.173208
4.690657
6.192923
7.267332
8.614359
9.014573
9.299059
9.49851
9.744101
9.818087
9.868922
9.905791
9.93176
9.964323
9.973636
9.980593
9.985499
9.99187
9.99361
9.99495
9.850526
8.149991
6.829333
5.312333
3.801718
2.703061
1.366568
0.9717274
0.6910181
0.4914331
0.2486467
0
0
0
0
0
0
0
0
0
0
0
0
0
0
0
0
0
0
0
0
0.8043766
1.849656
2.847209
3.556528
4.060836
4.674268
4.85549
4.984345
4.97448
4.827743
4.785333
4.755778
4.73475
4.719825
3.899317
2.887521
2.055173
1.463494
0.7438993
0.5313683
0.3802824
0.2728701
0
0
0
0
0
0
0
0
0
0
0
0
0
0
0
0
0
0
0
0
0
1.852036
3.173265
4.690719
6.18082
5.930061
6.301389
7.339568
8.096642
8.641067
9.312029
9.510398
9.651647
9.752059
9.823709
9.910913
9.936695
9.955134
9.968276
9.98426
9.988952
9.992366
9.994831
9.851766
9.195356
8.150616
6.829786
5.312657
2.703218
1.92205
1.366653
0.9717941
0.4914618
0.3495502
0.248661
0
0
0
0
0
0
0
0
0
0
0
0
0
0
0
0
0
0
0
0
0
0.8043671
1.849647
3.556528
4.060836
4.419374
4.674268
4.984345
4.97448
4.889297
4.827509
4.78518
4.734664
4.719758
4.563608
3.899274
2.055154
1.46348
1.042871
0.7438898
0.3802729
0.2728653
0
0
0
0
0
0
0
0
0
0
0
0
0
0
0
0
0
0
0
0
0
0.8067846
1.852031
3.173261
6.201859
7.300944
8.082323
8.637834
9.313498
9.513083
9.654975
9.755859
9.878559
9.914804
9.940572
9.958892
9.981165
9.987741
9.992418
9.995747
9.998112
9.196262
8.151269
6.830249
5.312986
2.70339
1.922169
1.366744
0.9718561
0.4914999
0.3495884
0.2486944
0
0
0
0
0
0
0
0
0
0
0
0
0
0
0
0
0
0
0
0
0
0
0
0
0
0
0
0
0
0
0
0
0
0
0
0.8043528
2.847209
3.556528
4.060836
4.419374
4.674268
4.984345
4.974465
4.889183
4.827595
4.755754
4.734731
4.719791
4.563613
2.887449
2.055116
1.463432
1.042814
0.5312967
0.3802109
0.2728033
0
0
0
0
0
0
0
0
0
0
0
0
0
0
0
0
0
0
0
0
0
0.8067274
1.851978
3.173208
6.193666
7.273779
8.039393
8.602223
9.282331
9.474316
9.62553
9.734535
9.865446
9.903493
9.930477
9.949455
9.96418
9.983168
9.988294
9.992075
9.994988
9.852066
9.195576
8.150792
6.829906
3.802028
2.703285
1.922107
1.366715
0.9718323
0.4914856
0.3495741
0.2486897
0
0
0
0
0
0
0
0
0
0
0
0
0
0
0
0
0
0
0
0
0
0.8043671
1.849647
3.556528
4.060836
4.419374
4.674268
4.984345
4.97448
4.889212
4.827447
4.785128
4.734645
4.719748
4.563603
3.899269
2.055149
1.46348
1.042871
0.7438898
0.3802729
0.2728653
0
0
0
0
0
0
0
0
0
0
0
0
0
0
0
0
0
0
0
0
0
0.8067846
1.852031
3.173261
6.178789
6.094522
5.937839
5.967379
7.31463
8.090906
8.642817
9.035211
9.314179
9.653535
