0
0
0
0
0
0
0
0
0
0
0
0
0
0
0
0
0
0
0
0
0
0
0
0
0
0
0
0
0
0
0
0
0
0
0
0
0
0
0
0
0
0
0
0
0
0
0
0
0
0
0
0
0
0
0
0
0
0
0
0
0
0
0
0
0
0
0
0
0
0
0
0
0
0
0
0
0
0
0
0
0
0
0
0
0
0
0
0
0
0
0
0
0
0
0
0
0
0
0
0
0
0
0
0
0
0
0
0
0
0
0
0.8043575
1.849642
3.556523
4.060831
4.41937
4.674263
4.855485
4.974465
4.888978
4.827456
4.785247
4.755692
4.574203
3.906789
2.892809
2.058926
1.466146
1.044755
0.5322838
0.3809166
0.2733088
0
0
0
0
0
0
0
0
0
0
0
0
0
0
0
0
0
0
0
0.8051777
1.850429
3.171639
4.689054
6.200061
8.080311
8.635778
9.030681
9.311442
9.511056
9.753852
9.825583
9.876575
9.912825
9.938602
9.969959
9.979224
9.9858
9.990487
9.99382
9.996185
9.195037
8.150291
6.829453
5.312319
3.801651
1.921806
1.366415
0.9715557
0.6908178
0.4912186
0.2484179
0
0
0
0
0
0
0
0
0
0
0
0
0
0
0
0
0
0
0
0
0.8044338
2.847233
3.556538
4.060841
4.419379
4.674268
4.984345
4.974461
4.889178
4.827437
4.785123
4.73464
4.719748
4.563613
3.899283
2.887502
2.055163
1.042876
0.7438993
0.5313683
0.3802824
0.2728748
0
0
0
0
0
0
0
0
0
0
0
0
0
0
0
0
0
0
0
0.8052492
1.850486
3.171692
6.200118
7.299085
8.080378
8.63584
9.030752
9.511123
9.653034
9.753923
9.825654
9.876642
9.912896
9.957004
9.970036
9.9793
9.985876
9.990563
9.996262
9.851513
9.195075
8.15032
6.829472
3.801651
2.702947
1.921806
1.366415
0.9715557
0.6908178
0.3493166
0.2484226
0
0
0
0
0
0
0
0
0
0
0
0
0
0
0
0
0
0
0
0
1.849689
2.847233
3.556538
4.060841
4.419379
4.85549
4.984345
4.974465
4.889345
4.827633
4.785333
4.734735
4.574251
3.906832
2.892847
2.058964
1.044774
0.7452297
0.5322981
0.3809261
0.2733183
0
0
0
0
0
0
0
0
0
0
0
0
0
0
0
0
0
0
0.8052301
1.840477
2.754307
3.404002
3.8659
4.427748
4.59373
4.711738
4.795632
4.85528
4.927831
4.949265
4.964499
4.975328
4.983034
4.992399
4.995174
4.997144
4.852133
4.195514
3.160625
1.597757
1.136036
0.8077669
0.5743694
0.4084349
0.2904606
0
0
0
0
0
0
0
0
0
0
0
0
0
0
0
0
0
0
0
0
0
0
0
0
0
0
0
0
0
0
0
0
0
0
0
0
0
1.849647
2.847209
3.556528
4.060836
4.419374
4.85549
4.984345
4.974465
4.889112
4.827557
4.785314
4.734716
4.574232
3.906813
2.892823
2.05894
1.044755
0.7452106
0.532279
0.3809023
0.2732944
0
0
0
0
0
0
0
0
0
0
0
0
0
0
0
0
0
0
0
0.8051682
1.85041
3.171625
6.200042
7.299004
8.080297
8.635759
9.030662
9.511032
9.652939
9.753833
9.825563
9.876556
9.938579
9.956903
9.969935
9.9792
9.985776
9.993806
9.996176
9.851446
9.195032
8.150287
5.312319
3.801651
2.702947
1.921806
1.366415
0.6908178
0.4912186
0.3493118
0.2484179
0
0
0
0
0
0
0
0
0
0
0
0
0
0
0
0
0
0
0
0.8044338
1.849689
2.847233
3.556538
4.419379
4.674268
4.85549
4.984345
4.974465
4.827709
4.785314
4.755759
4.734755
4.574265
3.90686
2.058983
1.466203
1.044812
0.7452631
0.5323362
0.2733612
0
0
0
0
0
0
0
0
0
0
0
0
0
0
0
0
0
0
0
1.850495
3.171701
4.689116
6.200113
7.29908
8.080373
9.030738
9.3115
9.511108
9.653015
9.753904
9.876628
9.912877
9.93865
9.956975
9.970007
9.979272
9.990535
9.993868
9.996233
9.851494
9.195061
6.829467
5.312333
3.801651
2.702947
1.921806
1.366415
0.6908178
0.4912233
0.3493166
0.2484226
0
0
0
0
0
0
0
0
0
0
0
0
0
0
0
0
0
0
0.8044577
1.849713
2.847247
3.556547
4.419384
4.674273
4.855494
4.98435
4.974475
4.889479
4.785399
4.755802
4.734769
4.71983
4.563651
2.887487
2.055144
1.463466
1.042848
0.7438612
0.3802443
0.2728367
0
0
0
0
0
0
0
0
0
0
0
0
0
0
0
0
0
0
0
0.8052349
2.754316
3.404012
3.865905
4.194288
4.427748
4.711742
4.795642
4.855289
4.89769
4.92784
4.964509
4.975338
4.983044
4.988518
4.992409
4.997144
4.852138
4.195518
3.160629
2.2472
1.597762
0.8077669
0.5743694
0.4084349
0.2904606
0.2065754
0
0
0
0
0
0
0
0
0
0
0
0
0
0
0
0
0
0
0
0
0
0
0
0
0
0
0
0
0
0
0
0
0
0
0
0
1.849647
2.847209
3.556528
4.060836
4.419374
4.85549
4.984345
4.974465
4.88915
4.827485
4.755669
4.734664
4.719739
4.56358
3.899236
2.887449
1.463437
1.042824
0.7438374
0.5313063
0.3802204
0
0
0
0
0
0
0
0
0
0
0
0
0
0
0
0
0
0
0
0.8052111
1.850443
4.689064
6.200061
7.299013
8.080301
8.635764
9.311428
9.511037
9.652944
9.753838
9.825568
9.876561
9.938583
9.956908
9.96994
9.979205
9.985781
9.993801
9.996166
9.851437
9.195023
8.150277
5.312314
3.801646
2.702942
1.921802
1.36642
0.6908226
0.4912233
0.3493166
0.2484226
0
0
0
0
0
0
0
0
0
0
0
0
0
0
0
0
0
0
0
0
0.8044338
1.849689
2.847233
3.556538
4.060841
4.419379
4.674268
4.85549
4.974465
4.889426
4.827619
4.785237
4.755688
4.734688
4.574223
3.906832
2.892857
2.058973
1.466198
1.044807
0.7452583
0.5323315
0.3809643
0.2733517
0
0
0
0
0
0
0
0
0
0
0
0
0
0
0
0
0
0
0
0
0.8052683
1.8505
3.171706
4.689121
6.200118
7.299085
8.080373
8.635836
9.030733
9.511104
9.65301
9.7539
9.825635
9.876628
9.912877
9.938655
9.95698
9.970012
9.979277
9.985852
9.99054
9.99054
9.993873
9.851499
9.195065
8.150311
6.829467
5.312333
3.801651
2.702947
1.366415
0.9715557
0.6908178
0.4912233
0.3493166
0.2484226
0
0
0
0
0
0
0
0
0
0
0
0
0
0
0
0
0
0
0
0
0
0
0.8044577
1.849713
2.847247
3.556547
4.06085
4.419384
4.674273
4.855494
4.98435
4.974475
4.889507
4.827838
4.785414
4.755812
4.589238
3.917484
2.900414
2.064338
1.469989
0.7471657
0.5336809
0.3819132
0.274024
0
0
0
0
0
0
0
0
0
0
0
0
0
0
0
0
0
0
0
0.8052349
1.840482
2.754312
3.404007
3.8659
4.194283
4.593735
4.711738
4.795637
4.855285
4.897685
4.927835
4.949269
4.975333
4.983039
4.988513
4.992404
4.995174
4.997139
4.852133
3.160625
2.247195
1.597757
1.136036
0.8077669
0.5743694
0.2904606
0.2065754
0
0
0
0
0
0
0
0
0
0
0
0
0
0
0
0
0
0
0
0
0
0
0
0
0
0
0
0
0
0
0
0
0
0
0
0
0
0
0
0.8043575
1.849647
2.847209
3.556528
4.060836
4.674268
4.85549
4.984345
4.974465
4.889398
4.827671
4.785347
4.755759
4.734731
4.574242
3.906813
2.892828
1.46616
1.04476
0.7452106
0.5322838
0.3809118
0.2732992
0
0
0
0
0
0
0
0
0
0
0
0
0
0
0
0
0
0
0
0.8052111
1.850443
3.171649
4.689064
6.200061
7.299013
8.080301
9.030666
9.311428
9.511037
9.652944
9.753838
9.825568
9.876561
9.938583
9.956908
9.96994
9.979205
9.985781
9.990468
9.996166
9.851437
9.195023
8.150277
6.829448
5.312314
3.801646
1.921802
1.36642
0.9715605
0.6908226
0.4912233
0.3493166
0.2484226
0
0
0
0
0
0
0
0
0
0
0
0
0
0
0
0
0
0
0
0.8044338
1.849689
2.847233
3.556538
4.060841
4.419379
4.674268
4.984345
4.974465
4.889293
4.827514
4.785171
4.755654
4.734683
3.906827
2.892857
2.058973
1.466198
1.044807
0.7452583
0.5323315
0.2733517
0
0
0
0
0
0
0
0
0
0
0
0
0
0
0
0
0
0
0
0.8052683
1.8505
3.171706
4.689121
6.200118
7.299085
8.080373
9.030733
9.311495
9.511104
9.65301
9.7539
9.825635
9.876628
9.938655
9.95698
9.970012
9.979277
9.985852
9.99054
9.996238
9.851499
9.195065
8.150311
5.312333
3.801651
2.702947
1.921806
0.9715557
0.6908178
0.4912233
0.3493166
0.2484226
0
0
0
0
0
0
0
0
0
0
