0
0
0
0
0
0
0
0
0
0
0
0
0
0
0
0
0
0
0
0
0
0
0
0
0
0
0
0
0
0
0
0
0
0
0
0
0
0
0
0
0
0
0
0
0
0
0
0
0
0
0
0
0
0
0
0
0
0
0
0
0
0
0
0
0
0
0
0
0
0
0
0
0
0
0
0
0
0
0
0
0
0
0
0
0
0
0
0
0
0
0
0
0
0
0
0
0
0
0
0
0
0
0
0
0
0
0
0
0
0
0
0
0
0
0
0
0
0
0
0
0.8043575
1.849642
2.847204
3.556523
4.060831
4.41937
4.674263
4.855485
4.984341
4.889054
4.827514
4.78529
4.755726
4.734716
4.574232
3.906808
2.892823
2.892823
2.05894
1.466155
1.04476
0.5322886
0.3809214
0.2733088
0
0
0
0
0
0
0
0
0
0
0
0
0
0
0
0
0
0
0
0
0
0
0
1.852002
1.852002
3.173227
6.201811
7.300892
8.08228
8.637776
9.032688
9.51303
9.51303
9.654922
9.755807
9.827518
9.878511
9.914756
9.958835
9.971862
9.981122
9.987698
9.992385
9.995713
9.853001
9.196239
8.15125
6.830235
5.312972
3.802176
1.922164
1.366739
0.9718513
0.6911039
0.4914951
0.3495836
0.2486897
0
0
0
0
0
0
0
0
0
0
0
0
0
0
0
0
0
0
0
0
0
0
0.8043575
1.849647
2.847209
3.556528
4.060836
4.674268
4.85549
4.984345
4.974461
4.88946
4.827757
4.755788
4.734783
4.574294
3.906879
2.059002
1.466217
1.044827
0.7452774
0.5323505
0.2733803
0
0
0
0
0
0
0
0
0
0
0
0
0
0
0
0
0
0
0
0
0
0
0
1.852055
3.173289
4.690738
6.201882
7.300968
8.082356
8.637862
9.032774
9.513116
9.655004
9.755883
9.827595
9.878583
9.914827
9.940596
9.971933
9.981189
9.987774
9.992461
9.995794
9.853067
9.196286
8.151283
6.830263
5.312991
3.80218
2.703385
1.922164
1.366739
0.6911039
0.6911039
0.3495836
0.2486897
0
0
0
0
0
0
0
0
0
0
0
0
0
0
0
0
0
0
0
0
0
0
0
0.8043623
1.849647
2.847209
3.556528
4.060836
4.419374
4.674268
4.984345
4.974465
4.88884
4.827356
4.78519
4.755654
4.734664
3.906779
2.892809
2.05893
1.46615
1.04476
0.7452154
0.5322886
0.3809214
0.2733183
0
0
0
0
0
0
0
0
0
0
0
0
0
0
0
0
0
0
0
0
0
0
0
0.8067513
1.842046
2.756057
3.405852
3.867817
4.429708
4.59569
4.713693
4.797583
4.857216
4.899616
4.951186
4.966416
4.977245
4.984941
4.990416
4.997072
4.852285
4.195733
3.160882
2.247443
1.598005
0.8079863
0.5745935
0.408659
0.2906895
0.2068138
0
0
0
0
0
0
0
0
0
0
0
0
0
0
0
0
0
0
0
0
0
0
0
0
0
0
0
0
0
0
0
0
0
0
0
0
0
0
0
0
0
0
0
0
0
0
0
0.8043528
2.847209
3.556528
4.060836
4.419374
4.674268
4.85549
4.97447
4.889045
4.827514
4.827514
4.78529
4.589162
3.917427
2.900381
2.064314
1.469975
1.047478
0.7471514
0.3819036
0.2740145
0
0
0
0
0
0
0
0
0
0
0
0
0
0
0
0
0
0
0
0
0
0.8067703
1.852012
3.173242
4.69069
6.201825
8.082294
8.637791
9.032702
9.313455
9.513044
9.654937
9.827538
9.878521
9.91477
9.940538
9.958854
9.981127
9.987702
9.99238
9.995708
9.853001
9.196239
8.15125
5.312972
3.802176
2.703381
1.922164
0.9718513
0.6911039
0.4914951
0.3495836
0.2486897
0
0
0
0
0
0
0
0
0
0
0
0
0
0
0
0
0
0
0
0
0
0
0.8043671
1.849647
2.847209
3.556528
4.419374
4.674268
4.85549
4.984345
4.97447
4.889216
4.785247
4.755692
4.734688
4.574208
3.906803
2.058949
1.466169
1.044779
0.7452297
0.5323029
0.3809357
0
0
0
0
0
0
0
0
0
0
0
0
0
0
0
0
0
0
0
0
0
0
0.8067703
3.173246
4.69069
6.20183
7.300911
8.082294
9.032707
9.313464
9.513049
9.654942
9.827538
9.878526
9.914775
9.940543
9.971881
9.981132
9.987707
9.992385
9.995718
9.853005
9.196243
8.15125
6.830235
3.802176
2.703381
1.922164
1.366739
0.6911039
0.4914951
0.3495836
0.2486897
0
0
0
0
0
0
0
0
0
0
0
0
0
0
0
0
0
0
0
0
0
0.8043623
2.847209
3.556528
4.060836
4.419374
4.674268
4.85549
4.984345
4.974465
4.827585
4.785228
4.755683
4.734683
4.563622
3.899288
2.887502
2.055168
1.042881
0.7438993
0.5313683
0.3802824
0.2728701
0
0
0
0
0
0
0
0
0
0
0
0
0
0
0
0
0
0
0
0
0.8067942
1.842084
2.756095
3.40589
4.196272
4.42976
4.595737
4.713745
4.857268
4.899669
4.92981
4.951229
4.966464
4.984994
4.990468
4.994354
4.997125
4.195757
3.160901
2.247448
1.59801
0.807991
0.5745983
0.4086637
0.2906895
0.2068138
0
0
0
0
0
0
0
0
0
0
0
0
0
0
0
0
0
0
0
0
0
0
0
0
0
0
0
0
0
0
0
0
0
0
0
0
0
0.8043528
2.847209
3.556528
4.060836
4.419374
4.85549
4.984345
4.974475
4.889188
4.827514
4.755673
4.734669
4.719744
4.56358
2.887459
2.05512
1.463428
1.042809
0.5313015
0.3802156
0.2728081
0
0
0
0
0
0
0
0
0
0
0
0
0
0
0
0
0
0
0
0
0
0.8067465
3.173218
4.690666
6.201806
7.300887
8.637772
9.032679
9.31344
9.513025
9.755802
9.827509
9.878497
9.914742
9.958835
9.971857
9.981112
9.987688
9.995694
9.998059
9.852986
9.196234
8.151245
5.312967
3.802171
2.703381
1.922164
0.9718513
0.6911039
0.4914951
0.3495836
0
0
0
0
0
0
0
0
0
0
0
0
0
0
0
0
0
0
0
0
0
0.8043575
1.849647
2.847209
3.556528
4.419374
4.674268
4.85549
4.984345
4.889402
4.827676
4.785366
4.755797
4.719844
4.56368
3.899331
2.887526
1.463499
1.042886
0.7439041
0.531373
0.2728701
0
0
0
0
0
0
0
0
0
0
0
0
0
0
0
0
0
0
0
0
0
0
0.8067894
1.852036
3.173265
4.690719
6.201868
8.082337
8.637834
9.03275
9.313512
9.654989
9.755869
9.82758
9.878569
9.914808
9.940581
9.958901
9.971924
9.981174
9.98775
9.992428
9.995761
9.853039
9.196267
8.151274
6.830254
3.802185
2.70339
1.922169
1.366744
0.6911087
0.4914999
0.3495884
0
0
0
0
0
0
0
0
0
0
0
0
0
0
0
0
0
0
0
0
0.8043766
1.849656
2.847209
3.556528
4.419374
4.674268
4.85549
4.984345
4.889503
4.827833
4.785409
4.755807
4.734774
3.906851
2.892861
2.058973
1.466184
0.7452345
0.5323076
0.3809357
0.2733231
0
0
0
0
0
0
0
0
0
0
0
0
0
0
0
0
0
0
0
0
0
1.842051
2.756062
3.405857
3.867826
4.429717
4.595695
4.713702
4.797587
4.899626
4.929771
4.9512
4.966431
4.984956
4.99043
4.994316
4.997087
4.195733
3.160882
2.247443
1.598005
0.8079863
0.5745935
0.408659
0.2906895
0
0
0
0
0
0
0
0
0
0
0
0
0
0
0
0
0
0
0
0
0
0
0
0
0
0
0
0
0
0
0
0
0
0
0
0
0
0
0.8043528
1.849647
2.847209
3.556528
4.419374
4.674268
4.85549
4.984345
4.889178
4.827604
4.785347
4.755764
4.719801
4.563627
3.899269
2.05512
1.463442
1.042824
0.7438374
0.3802204
0.2728128
0
0
0
0
0
0
0
0
0
0
0
0
0
0
0
0
0
0
0
0
0
0.8067513
1.851993
3.173218
6.201806
7.300882
8.082266
8.637772
9.313436
9.513021
9.654918
9.755797
9.878497
9.914742
9.940515
9.958835
9.981108
9.987683
9.992361
9.995689
9.852982
9.196229
8.151245
6.83023
5.312967
2.703381
1.922164
1.366739
0.9718513
0.4914951
0.3495836
0.2486897
0
0
0
0
0
0
0
0
0
0
0
0
0
0
0
0
0
0
0
0
0
0.8043575
1.849647
3.556528
4.060836
4.419374
4.674268
4.984345
4.97447
4.888792
4.827323
4.785161
4.734654
4.719739
4.56358
3.899245
2.05513
1.463447
1.042838
0.7438564
0.3802395
0.2728319
0
0
0
0
0
0
0
0
