0
0
0
0
0
0
0
0
0
0
0
0
0
0
0
0
0
0
0
0
0
0
0
0
0
0
0
0
0
0
0
0
0
0
0
0
0
0
0
0
0
0
0
0
0
0
0
0
0
0
0
0
0
0
0
0
0
0
0
0
0
0
0
0
0
0
0
0
0
0
0
0
0
0
0
0
0
0
0
0
0
0
0
0
0
0
0
0
0
0
0
0
0
0
0.8043575
1.849642
3.556523
4.060831
4.41937
4.674263
4.984341
4.974465
4.889469
4.78539
4.755793
4.734755
4.719806
3.899279
2.887478
2.055144
1.042833
0.7438517
0.5313158
0.2728224
0
0
0
0
0
0
0
0
0
0
0
0
0
0
0
0
0
0
0
0
0
0.8067513
3.173227
4.690676
6.201816
7.300901
8.637781
9.032693
9.31345
9.513035
9.755812
9.827528
9.878521
9.914765
9.958844
9.971862
9.981127
9.987702
9.995718
9.998083
9.853005
8.15125
6.830235
5.312972
3.802176
1.922164
1.366739
0.9718513
0.6911039
0.3495836
0.2486897
0
0
0
0
0
0
0
0
0
0
0
0
0
0
0
0
0
0
0
0
0
0.8043671
1.849647
3.556528
4.060836
4.419374
4.674268
4.984345
4.974461
4.88946
4.8276
4.755697
4.734697
4.719787
4.563642
2.887521
2.055178
1.463499
1.042891
0.5313778
0.3802919
0.2728844
0
0
0
0
0
0
0
0
0
0
0
0
0
0
0
0
0
0
0
0
0
0.8068037
3.173289
4.690738
6.201882
7.300973
8.637867
9.032779
9.313531
9.513121
9.755888
9.8276
9.878588
9.914832
9.958916
9.971933
9.981184
9.987769
9.99579
9.998155
9.853063
9.196281
6.830258
5.312991
3.80218
2.703385
1.366739
0.9718513
0.6911039
0.4914951
0.3495836
0
0
0
0
0
0
0
0
0
0
0
0
0
0
0
0
0
0
0
0
0
0.8043623
1.849647
2.847209
3.556528
4.419374
4.674268
4.85549
4.974465
4.889092
4.827447
4.785194
4.75565
4.719739
4.56358
3.899245
2.887459
1.463447
1.042838
0.7438564
0.5313253
0.2728319
0
0
0
0
0
0
0
0
0
0
0
0
0
0
0
0
0
0
0
0
0.8067608
1.842051
2.756062
3.867826
4.196239
4.429712
4.59569
4.713697
4.857225
4.899621
4.929767
4.966426
4.977255
4.984951
4.990425
4.994311
4.852295
4.195733
3.160882
2.247443
1.13627
0.8079863
0.5745935
0.408659
0.2068138
0
0
0
0
0
0
0
0
0
0
0
0
0
0
0
0
0
0
0
0
0
0
0
0
0
0
0
0
0
0
0
0
0
0
0
0
0
0.8043528
1.849647
2.847209
4.060836
4.419374
4.674268
4.85549
4.974465
4.889135
4.827571
4.785328
4.734721
4.719791
4.563613
3.89925
2.055116
1.463432
1.042814
0.7438326
0.3802109
0.2728033
0
0
0
0
0
0
0
0
0
0
0
0
0
0
0
0
0
0
0
0
0.8067465
1.851988
4.690661
6.201806
7.300882
8.082261
9.032669
9.313421
9.513011
9.654903
9.827504
9.878488
9.914737
9.940505
9.971843
9.981093
9.987669
9.992347
9.998045
9.852972
9.196224
8.15124
5.312967
3.802171
2.703381
1.922164
0.9718513
0.6911039
0.4914951
0.3495836
0
0
0
0
0
0
0
0
0
0
0
0
0
0
0
0
0
0
0
0
0
0.8043671
1.849647
2.847209
4.060836
4.419374
4.674268
4.85549
4.97447
4.889159
4.827585
4.785337
4.734721
4.719782
4.563603
3.89926
2.055116
1.463423
1.042805
0.7438231
0.3802156
0.2727985
0
0
0
0
0
0
0
0
0
0
0
0
0
0
0
0
0
0
0
0
0
0.8067274
3.173208
4.690661
6.201801
7.300878
8.637753
9.032664
9.313416
9.513006
9.755778
9.827499
9.878483
9.914732
9.958816
9.971838
9.981089
9.987664
9.99568
9.99805
9.852977
9.196224
6.83023
5.312972
3.802176
2.703381
1.366739
0.9718513
0.6911039
0.4914951
0.2486897
0
0
0
0
0
0
0
0
0
0
0
0
0
0
0
0
0
0
0
0
0.8043766
1.849656
2.847209
3.556528
4.419374
4.674268
4.85549
4.984345
4.889154
4.82758
4.785333
4.755745
4.719782
4.563603
3.89926
2.887449
1.463423
1.042805
0.7438278
0.5312967
0.2727985
0
0
0
0
0
0
0
0
0
0
0
0
0
0
0
0
0
0
0
0
0
0.8067322
1.842022
3.405828
3.867788
4.1962
4.595652
4.713659
4.797549
4.857183
4.899583
4.951158
4.966388
4.977217
4.984913
4.994273
4.997044
4.852266
4.195719
2.247434
1.598001
1.13627
0.8079863
0.408659
0.2906895
0.2068138
0
0
0
0
0
0
0
0
0
0
0
0
0
0
0
0
0
0
0
0
0
0
0
0
0
0
0
0
0
0
0
0
0
0
0
0
0
0.8043528
2.847209
3.556528
4.060836
4.419374
4.85549
4.984345
4.974465
4.889412
4.785357
4.755759
4.734731
4.719796
3.89926
2.887459
2.055116
1.463437
0.7438278
0.5312967
0.3802109
0.2728033
0
0
0
0
0
0
0
0
0
0
0
0
0
0
0
0
0
0
0
0
0.8067369
1.851988
3.173218
4.690666
7.300887
8.082266
8.637762
9.032669
9.513016
9.654908
9.755793
9.878492
9.914742
9.94051
9.95883
9.981103
9.987679
9.992356
9.995685
9.852977
9.196224
8.15124
6.83023
3.802171
2.703381
1.922164
1.366739
0.9718513
0.4914951
0.3495836
0.2486897
0
0
0
0
0
0
0
0
0
0
0
0
0
0
0
0
0
0
0
0
0
1.849647
2.847209
3.556528
4.060836
4.674268
4.85549
4.984345
4.974465
4.827762
4.785347
4.755774
4.73475
4.563661
3.899312
2.887516
2.055173
1.042881
0.7438993
0.5313683
0.3802824
0
0
0
0
0
0
0
0
0
0
0
0
0
0
0
0
0
0
0
0
0.8068037
1.852045
4.690723
6.201868
7.300954
8.082333
9.032745
9.313507
9.513092
9.755864
9.827576
9.878564
9.940581
9.958897
9.971919
9.987745
9.992423
9.995756
9.853039
9.196267
8.151274
6.830254
3.802185
2.70339
1.922169
0.9718561
0.6911087
0.4914999
0.2486944
0
0
0
0
0
0
0
0
0
0
0
0
0
0
0
0
0
0
0
0
0.8043623
1.849647
2.847209
3.556528
4.419374
4.674268
4.85549
4.984345
4.889188
4.827495
4.785228
4.755692
4.719782
4.563627
3.899293
2.887502
1.463485
1.042876
0.7438946
0.5313635
0.2728701
0
0
0
0
0
0
0
0
0
0
0
0
0
0
0
0
0
0
0
0
0
0.8067894
1.842079
3.405886
3.86785
4.196267
4.429755
4.71374
4.79763
4.857273
4.899669
4.951239
4.966469
4.977298
4.984994
4.994354
4.997125
4.852328
4.195757
2.247448
1.59801
1.136274
0.807991
0.4086637
0.2906895
0.2068138
0
0
0
0
0
0
0
0
0
0
0
0
0
0
0
0
0
0
0
0
0
0
0
0
0
0
0
0
0
0
0
0
0
0
0
0
0
1.849647
2.847209
3.556528
4.060836
4.674268
4.85549
4.984345
4.974465
4.827585
4.785337
4.755754
4.734731
4.563613
3.89925
2.887449
2.055116
1.042814
0.7438326
0.5312967
0.3802109
0
0
0
0
0
0
0
0
0
0
0
0
0
0
0
0
0
0
0
0
0
1.851993
3.173223
4.690661
6.201806
8.082261
8.637757
9.032669
9.313421
9.654903
9.755788
9.827504
9.878488
9.9405
9.95882
9.971843
9.981093
9.992347
9.99568
9.998045
9.852972
8.15124
6.83023
5.312967
3.802171
1.922164
1.366739
0.9718513
0.6911039
0.3495836
0.2486897
0
0
0
0
0
0
0
0
0
0
0
0
0
0
0
0
0
0
0
0
0.8043766
1.849656
2.847209
4.060836
4.419374
4.674268
4.85549
4.974465
4.889069
4.827352
4.785051
4.734602
4.719715
4.563589
3.899264
2.055149
1.46348
1.042876
0.7438946
0.3802824
0.2728701
0
0
0
0
0
0
0
0
0
0
0
0
0
0
0
0
0
0
0
0
0
1.852045
3.173275
4.690723
6.201873
7.300959
8.637834
9.03275
9.313512
9.513097
9.755869
9.82758
9.878569
9.914813
9.958901
9.971924
9.981174
9.98775
9.995761
9.998126
9.853039
9.196267
6.830254
5.312986
3.802185
2.70339
1.922169
0.9718561
0.6911087
0.4914999
0.3495884
0
0
0
0
0
0
0
0
0
0
0
0
0
0
0
0
0
0
0
0
0
0.8043623
1.849647
2.847209
4.060836
4.419374
4.674268
4.85549
4.974465
4.889288
4.827509
4.785171
4.734669
4.719763
4.563618
3.899283
2.055163
1.46349
1.042881
0.7438993
0.3802824
0.2728701
