0
0
0
0
0
0
0
0
0
1.203465E-08
0.002882979
0.0949237
0.03325531
0.1740347
0.2263617
0.2128639
0.1922167
0.2170957
0.2518119
0.3074515
0.2917957
0.3274235
0.3442209
0.3856997
0.4297929
0.4543489
0.4659708
0.5018359
0.525477
0.5463008
0.5674961
0.5796124
0.623491
0.6510612
0.6790984
0.6975102
0.7229617
0.7568907
0.7729006
0.8001323
0.8364185
0.8481571
0.8822905
0.9065682
0.9344386
0.9559352
0.9822329
1.011095
1.033286
1.058309
1.088712
1.10559
1.136127
1.164702
1.192948
1.211741
1.240325
1.268129
1.288506
1.316398
1.345863
1.37387
1.392778
1.421315
1.449965
1.468559
1.497684
1.52624
1.555074
1.573758
1.602533
1.630954
1.650066
1.678532
1.707279
1.73572
1.754877
1.783332
1.812004
1.830999
1.859607
1.888129
1.907289
1.935783
1.964396
1.992939
2.011984
2.040583
2.069179
2.088205
2.116783
2.145324
2.164417
2.192987
2.221564
2.250132
2.269183
2.297767
2.316804
2.345376
2.364439
2.383492
2.402534
2.421592
2.440643
2.459691
2.478736
2.507316
2.526364
2.554942
2.573993
2.60257
2.631147
2.650197
2.669244
2.688296
2.707349
2.735923
2.745448
2.7645
2.793075
2.82165
2.840701
2.869277
2.897853
2.916903
2.945479
2.974056
2.993105
3.021681
3.050257
3.078833
3.097884
3.12646
3.155035
3.174086
3.202662
3.231237
3.250288
3.278864
3.30744
3.32649
3.355066
3.383642
3.402692
3.431268
3.459844
3.478895
3.507471
3.536047
3.564622
3.583673
3.612249
3.640825
3.659875
3.688451
3.717027
3.736077
3.764653
3.793229
3.812279
3.840855
3.869431
3.888482
3.917058
3.945633
3.964684
3.99326
4.021836
4.050411
4.069462
4.098038
4.126614
4.145664
4.17424
4.202816
4.221867
4.250442
4.279018
4.298069
4.326644
4.35522
4.374271
4.402847
4.431422
4.459998
4.479049
4.507625
4.536201
4.555251
4.583827
4.612402
4.631453
4.660029
4.688605
4.707655
4.736231
4.764807
4.783858
4.812433
4.841009
4.86006
4.888636
4.917212
4.936262
4.964838
4.983889
5.002939
5.021989
5.050566
5.079141
5.098192
5.126768
5.145818
5.174394
5.193444
5.22202
5.250597
5.269647
5.298223
5.317273
5.345849
5.374425
5.393476
5.422051
5.441102
5.450627
5.479203
5.498254
5.517304
5.545879
5.574456
5.603032
5.622082
5.650658
5.679234
5.698285
5.72686
5.755436
5.774487
5.803062
5.831638
5.850689
5.879264
5.90784
5.926891
5.955467
5.984043
6.012619
6.031669
6.060245
6.08882
6.107871
6.136447
6.165023
6.184073
6.212649
6.241225
6.260276
6.288852
6.317427
6.336478
6.365054
6.393629
6.41268
6.441256
6.469831
6.498408
6.517458
6.546034
6.57461
6.59366
6.622236
6.650812
6.669862
6.698439
6.727014
6.746065
6.774641
6.803216
6.831792
6.850843
6.879418
6.907995
6.927045
6.93657
6.955621
6.984197
7.012773
7.031823
7.060399
7.088975
7.11755
7.136364
7.060184
7.167151
7.067264
7.043644
7.057046
7.102905
7.101126
7.095202
7.049861
7.099799
7.036433
7.12111
7.084097
7.103574
7.089241
7.0849
7.08537
7.095929
7.064394
7.089613
7.066323
7.072959
7.069468
7.066874
7.066706
7.068639
7.06544
7.071241
7.069221
7.064898
7.066121
7.062375
7.065632
7.066704
7.061723
7.062331
7.061489
7.059529
7.061419
7.059562
7.060952
7.058446
7.05751
7.057376
7.056546
7.055852
7.055778
7.053975
7.053779
7.052605
7.052403
7.052176
7.051093
7.050866
7.050213
7.049056
7.048469
7.047557
7.047153
7.046628
7.046082
7.045168
7.044728
7.043871
7.043244
7.042732
7.041988
7.04128
7.040784
7.040087
7.039404
7.038801
7.038154
7.037446
7.036984
7.036295
7.035538
7.035103
7.034371
7.033649
7.033162
7.032474
7.03177
7.031322
7.030596
7.029901
7.02919
7.028744
7.028045
7.02735
7.026884
7.026193
7.0255
7.025041
7.024353
7.023671
7.023213
7.022757
7.022069
7.021618
7.020932
7.020256
7.019802
7.019123
7.018447
7.017998
7.017324
7.016652
7.016205
7.015534
7.014866
7.01442
7.013754
7.013089
7.012647
7.011985
7.011323
7.010663
7.010224
7.009566
7.00891
7.008472
7.007819
7.007166
7.006732
7.006082
7.005433
7.005001
7.004354
7.003708
7.003279
7.002635
7.001994
7.001567
7.000927
7.000289
6.999864
6.999228
6.998593
6.998171
6.997538
6.996907
6.996487
6.995858
6.99523
6.994812
6.994187
6.993563
6.993147
6.992526
6.992111
6.991698
6.991285
6.990667
6.990256
6.989639
6.989229
6.988616
6.988003
6.987596
6.986985
6.986375
6.98597
6.985363
6.984757
6.984354
6.98375
6.983148
6.982747
6.982146
6.981547
6.981149
6.980552
6.979956
6.97956
6.978966
6.978374
6.977979
6.977389
6.976799
6.976212
6.97582
6.975234
6.974844
6.974455
6.973872
6.973484
6.973097
6.97271
6.972323
6.97213
6.971937
6.971552
6.971168
6.970975
6.970783
6.970208
6.969824
6.969251
6.96887
6.968489
6.967918
6.967349
6.96697
6.966403
6.965837
6.96546
6.964895
6.964332
6.963958
6.963396
6.962836
6.962464
6.961905
6.961349
6.960793
6.960423
6.95987
6.959317
6.958949
6.958399
6.95785
6.957483
6.956936
6.956389
6.956026
6.955481
6.954937
6.954576
6.954035
6.953495
6.952955
6.952596
6.952059
6.951523
6.951166
6.950631
6.950098
6.949743
6.949389
6.948858
6.948505
6.947976
6.947624
6.947097
6.946747
6.946396
6.946047
6.945523
6.945174
6.944653
6.944305
6.943959
6.943439
6.943093
6.942576
6.94206
6.941716
6.941202
6.940688
6.940346
6.939835
6.939324
6.938984
6.938476
6.937967
6.93763
6.937123
6.936619
6.936283
6.93578
6.935277
6.934943
6.934443
6.933943
6.933611
6.933113
6.932617
6.932286
6.931791
6.931298
6.930969
6.930477
6.929986
6.929659
6.929169
6.928681
6.928356
6.92787
6.927384
6.927061
6.926577
6.926094
6.925612
6.925292
6.924811
6.924333
6.924014
6.923535
6.923059
6.922742
6.922267
6.921951
6.921636
