0
0
0
0
0
0
0
0
0
0
0
0
2.665562E-06
0.02225343
0.1726497
0.05026322
0.1620808
0.1070197
0.1982836
0.1790137
0.2032175
0.2345078
0.2863747
0.296142
0.3049066
0.3203434
0.3462189
0.400226
0.3748143
0.4268511
0.4728359
0.4726913
0.4929796
0.520596
0.5234835
0.5820185
0.5825256
0.6219963
0.6323022
0.6611665
0.6731399
0.7047431
0.7270723
0.7449899
0.7787561
0.7897068
0.8214777
0.8440806
0.8627492
0.8900555
0.9056275
0.9328042
0.9528034
0.9770811
1.0044
1.022029
1.048641
1.066082
1.092965
1.119016
1.138039
1.163838
1.180706
1.208553
1.225648
1.253081
1.279158
1.296759
1.323331
1.341216
1.367315
1.385755
1.412209
1.43884
1.456526
1.482999
1.500844
1.527483
1.545069
1.571782
1.598403
1.616051
1.642745
1.66038
1.687074
1.71362
1.731395
1.75795
1.775788
1.802316
1.820065
1.846665
1.873263
1.891037
1.917612
1.935362
1.961965
1.988559
2.006297
2.032911
2.050634
2.07726
2.094987
2.12159
2.148192
2.165938
2.192533
2.210278
2.236878
2.254622
2.281224
2.307825
2.325569
2.352168
2.369908
2.396512
2.414254
2.440854
2.46746
2.485195
2.511801
2.529538
2.556143
2.582749
2.600485
2.627089
2.644827
2.671431
2.689168
2.715774
2.742379
2.760116
2.78672
2.804457
2.831062
2.848799
2.875403
2.902009
2.919746
2.946351
2.964088
2.990693
3.00843
3.035035
3.06164
3.079376
3.105982
3.123718
3.150323
3.16806
3.194665
3.22127
3.239007
3.265612
3.283349
3.309954
3.327691
3.354295
3.380901
3.398638
3.425243
3.442979
3.469584
3.487321
3.513926
3.540531
3.558268
3.584873
3.60261
3.629215
3.646952
3.673557
3.700161
3.717898
3.744503
3.76224
3.788845
3.81545
3.833187
3.859792
3.877529
3.904134
3.921871
3.948476
3.966213
3.992818
4.019423
4.037159
4.063765
4.081501
4.108106
4.125843
4.152448
4.179053
4.19679
4.223395
4.241132
4.267736
4.285473
4.312078
4.338684
4.356421
4.383026
4.400763
4.427367
4.445104
4.471709
4.498314
4.516051
4.542656
4.560393
4.586998
4.604734
4.63134
4.657945
4.675681
4.702286
4.720023
4.746628
4.764365
4.79097
4.817575
4.835312
4.861917
4.879654
4.906259
4.923995
4.950601
4.977206
4.994943
5.021548
5.039284
5.065889
5.083626
5.110231
5.136836
5.154572
5.181178
5.198915
5.22552
5.243257
5.269862
5.296467
5.314203
5.340809
5.358545
5.38515
5.402887
5.429492
5.456097
5.473834
5.500439
5.518176
5.544781
5.562518
5.589123
5.606859
5.633464
5.660069
5.677806
5.704412
5.722148
5.748753
5.76649
5.793095
5.8197
5.837437
5.864042
5.881779
5.908384
5.92612
5.952725
5.970462
5.997067
6.023672
6.041409
6.068014
6.085751
6.112356
6.138961
6.156698
6.183303
6.201039
6.227645
6.245381
6.271986
6.289723
6.316328
6.342933
6.36067
6.387275
6.405012
6.431617
6.449354
6.475959
6.493695
6.5203
6.546906
6.564642
6.591248
6.608984
6.635589
6.653326
6.679931
6.697668
6.724273
6.750878
6.768615
6.79522
6.812956
6.839561
6.857298
6.883903
6.90164
6.928245
6.95485
6.972587
6.999192
7.016929
7.043534
7.061271
7.087875
7.105612
7.131979
7.053801
7.063804
7.044342
6.988799
7.068353
7.09424
7.067723
7.083736
7.048182
7.028876
7.077284
7.011966
7.0954
7.056458
7.029507
7.017476
7.034983
7.019808
7.027254
7.029679
7.025967
7.044433
7.021893
7.029515
7.017019
7.020301
7.018268
7.01895
7.013887
7.015505
7.014567
7.003873
7.007992
7.002784
7.004242
7.000337
7.001067
6.999214
6.994548
6.990955
6.991003
6.989059
6.986528
6.984735
6.981993
6.979641
6.977701
6.975667
6.973174
6.971874
6.968304
6.966317
6.964277
6.961967
6.959992
6.958166
6.955822
6.954076
6.951981
6.949538
6.947218
6.945238
6.942973
6.941118
6.938673
6.937096
6.934706
6.932894
6.93053
6.928863
6.926387
6.923952
6.922306
6.919887
6.918221
6.91574
6.914182
6.911796
6.910139
6.907756
6.905305
6.903719
6.901302
6.899708
6.897324
6.895754
6.893344
6.891752
6.889374
6.886997
6.885422
6.883044
6.881489
6.879129
6.877561
6.875207
6.873655
6.871305
6.868968
6.867421
6.865091
6.863544
6.861224
6.859681
6.857369
6.855059
6.853525
6.851228
6.849699
6.84741
6.845886
6.843603
6.842084
6.839811
6.838297
6.836031
6.833769
6.832265
6.830011
6.828511
6.826266
6.824772
6.822534
6.821045
6.818816
6.81659
6.81511
6.812892
6.811418
6.809208
6.807738
6.805536
6.804071
6.801877
6.799688
6.798232
6.79605
6.794598
6.792425
6.790977
6.788812
6.787371
6.785212
6.783058
6.781625
6.779479
6.77805
6.775911
6.774488
6.772357
6.770939
6.768815
6.766696
6.765285
6.763174
6.761769
6.759665
6.758265
6.756167
6.754772
6.752683
6.750598
6.74921
6.747133
6.74575
6.74368
6.742303
6.74024
6.738867
6.736812
6.73476
6.733395
6.731351
6.729991
6.727954
6.726599
6.724569
6.722544
6.721196
6.719179
6.717835
6.715825
6.714487
6.712482
6.711149
6.709152
6.70716
6.705834
6.703849
6.702528
6.70055
6.699233
6.697262
6.69595
6.693986
6.692026
6.690722
6.688768
6.687469
6.685522
6.684227
6.682288
6.680998
6.679065
6.677137
6.675854
6.673932
6.672654
6.670739
6.669465
6.667557
6.665654
6.664387
6.66249
6.661227
6.659337
6.65808
6.656196
6.654943
6.653066
6.651194
6.649947
6.648081
6.646839
6.64498
6.643743
6.64189
6.640657
6.638811
6.636969
6.635743
6.633907
6.632686
6.630857
6.629639
6.627817
6.626604
6.624788
6.622975
6.62177
6.619964
6.618762
6.616963
6.615766
6.613973
6.612184
6.610994
6.609211
6.608025
6.606249
6.605067
6.603296
6.602118
6.600356
6.598596
6.597424
6.595671
6.594504
6.592757
6.591594
6.589853
6.588695
6.58696
6.585229
6.584077
6.582353
6.581204
6.579486
6.578342
6.57663
6.57549
6.573784
6.572648
6.570949
