0
0
0
0
0
0
0
0
0
2.922508E-06
0.02457867
0.1915634
0.05550014
0.228366
0.1331511
0.1835191
0.2245867
0.2472737
0.2896629
0.3291644
0.3386941
0.356133
0.3845586
0.4445903
0.469982
0.4820311
0.5191472
0.5435968
0.5651309
0.5870739
0.6252692
0.6471965
0.6734947
0.7025037
0.7345815
0.7579064
0.7934186
0.8078156
0.8398685
0.8672521
0.900312
0.9172486
0.9466411
0.9750477
1.006211
1.036405
1.05861
1.085598
1.115947
1.143704
1.175293
1.194646
1.224599
1.253513
1.283083
1.302727
1.332925
1.361779
1.38183
1.401593
1.421234
1.440793
1.4605
1.49019
1.50972
1.539677
1.549318
1.569069
1.598659
1.628014
1.647725
1.677173
1.697152
1.726542
1.746372
1.775952
1.805464
1.825221
1.854653
1.874475
1.903971
1.933597
1.953226
1.982844
2.002523
2.032123
2.051799
2.081351
2.110936
2.130629
2.160201
2.179909
2.209459
2.239041
2.258739
2.288293
2.308015
2.337565
2.357271
2.386829
2.4164
2.436097
2.46567
2.485368
2.514938
2.534642
2.564199
2.593764
2.613469
2.643032
2.66274
2.692303
2.712008
2.741571
2.771132
2.790838
2.820398
2.840107
2.86967
2.889377
2.918936
2.9485
2.968205
2.997767
3.017475
3.047036
3.076598
3.096304
3.125866
3.145573
3.175135
3.194841
3.224404
3.253964
3.273672
3.303233
3.32294
3.352502
3.372209
3.401771
3.431332
3.451039
3.4806
3.500308
3.529869
3.549576
3.579138
3.608699
3.628407
3.657968
3.677675
3.707236
3.726944
3.756505
3.786066
3.805773
3.835335
3.855042
3.884604
3.904311
3.933872
3.95358
3.983141
4.012702
4.03241
4.061971
4.081678
4.111239
4.130947
4.150654
4.170362
4.190069
4.21963
4.249192
4.268899
4.29846
4.318168
4.337875
4.367436
4.387144
4.406852
4.426559
4.446266
4.45612
4.475828
4.495535
4.525096
4.544804
4.564511
4.594072
4.61378
4.623633
4.643341
4.663049
4.682756
4.69261
4.712317
4.732025
4.751732
4.77144
4.781293
4.801001
4.820708
4.840416
4.869977
4.889684
4.919246
4.948807
4.968514
4.998075
5.027637
5.047344
5.076905
5.106466
5.126174
5.155735
5.185297
5.214858
5.234565
5.264127
5.293688
5.313396
5.342956
5.372518
5.392225
5.421786
5.451347
5.471055
5.500616
5.530177
5.549884
5.579446
5.609007
5.628715
5.658276
5.687837
5.707545
5.737105
5.766667
5.786374
5.815936
5.845497
5.875058
5.894765
5.924327
5.953888
5.973596
6.003156
6.032718
6.052425
6.081986
6.111547
6.131255
6.160816
6.190377
6.210085
6.239646
6.269207
6.288915
6.318476
6.348037
6.367745
6.397305
6.426867
6.456428
6.476136
6.505697
6.535258
6.554965
6.584527
6.614088
6.633796
6.663356
6.692918
6.712626
6.742187
6.771748
6.791455
6.821017
6.850577
6.870285
6.889992
6.919554
6.939261
6.968822
6.998384
7.018091
7.047653
7.077213
7.096921
7.126482
7.155805
7.146082
7.092375
7.122907
7.089437
7.066468
7.080796
7.120232
7.13115
7.121466
7.119208
7.109838
7.115445
7.070951
7.123875
7.117377
7.129541
7.099787
7.102798
7.096748
7.101988
7.100144
7.121436
7.101663
7.111157
7.101431
7.106573
7.1122
7.107314
7.109846
7.107545
7.111323
7.113595
7.103954
7.110827
7.108355
7.111641
7.110464
7.110069
7.111564
7.111604
7.11023
7.113004
7.112021
7.112922
7.112865
7.112302
7.113039
7.111824
7.112961
7.113438
7.112526
7.113126
7.113194
7.112919
7.113253
7.113038
7.113244
7.113657
7.113475
7.113788
7.113896
7.114042
7.114011
7.114348
7.114224
7.114373
7.11464
7.114587
7.114718
7.11488
7.11494
7.115116
7.115154
7.115288
7.115434
7.115381
7.11556
7.115677
7.115788
7.115893
7.115957
7.116061
7.116165
7.116283
7.116416
7.116462
7.116568
7.116673
7.116787
7.116889
7.11696
7.117057
7.117169
7.117269
7.117376
7.117445
7.117548
7.117652
7.117761
7.117862
7.11793
7.11803
7.118138
7.118239
7.11831
7.118412
7.118515
7.118615
7.118717
7.118784
7.118887
7.118988
7.11909
7.11919
7.119257
7.119357
7.119458
7.119558
7.119658
7.119724
7.119823
7.119923
7.120022
7.120121
7.120187
7.120286
7.120384
7.120482
7.12058
7.120645
7.120743
7.120841
7.120938
7.121034
7.121099
7.121196
7.121292
7.121389
7.121453
7.121549
7.121644
7.12174
7.121835
7.121899
7.121994
7.122057
7.122152
7.122246
7.122309
7.122403
7.122498
7.122591
7.122684
7.122747
7.12284
7.122902
7.122995
7.123057
7.12315
7.123212
7.123304
7.123365
7.123457
7.123549
7.12361
7.123702
7.123762
7.123854
7.123914
7.124005
7.124066
7.124156
7.124217
7.124307
7.124397
7.124457
7.124547
7.124606
7.124696
7.124755
7.124845
7.124904
7.124992
7.125082
7.12514
7.125229
7.125288
7.125375
7.125434
7.125522
7.125609
7.125668
7.125755
7.125813
7.1259
7.125957
7.126045
7.126102
7.126188
7.126246
7.126303
7.126389
7.126446
7.126532
7.126617
7.126675
7.12676
7.126844
7.126901
7.126986
7.12707
7.127127
7.127211
7.127295
7.127351
7.127435
7.127518
7.127574
7.127657
7.12774
7.127796
7.127879
7.127961
7.128016
7.128098
7.128181
7.128236
7.128317
7.128399
7.128481
7.128535
7.128616
7.128697
7.128752
7.128832
7.128913
7.128967
7.129047
7.129128
7.129181
7.129261
7.129341
7.129394
7.129474
7.129553
7.129632
7.129684
7.129764
7.129843
7.129895
7.129974
7.130052
7.130104
7.130182
7.13026
7.130312
7.13039
7.130467
7.130518
7.130596
7.130673
7.130724
7.130775
7.130827
7.130903
7.130954
7.131031
7.131107
7.131157
7.131233
7.131258
7.131309
7.13136
7.131434
7.131485
7.13151
7.13156
7.13161
7.131686
7.13176
7.13181
7.131885
7.131959
7.132009
7.132082
7.132132
7.132182
7.132255
7.132304
7.132329
7.132402
7.132451
7.132524
7.132597
7.13267
7.132743
7.132792
7.132864
7.132936
7.133009
7.133081
7.133129
7.133201
7.133272
7.133344
