0
0
0
0
0
0
0
0
0
3.783599E-12
1.04595E-08
0.0001320932
0.02056812
0.1597937
0.0464526
0.1500577
0.09917688
0.1835606
0.1657346
0.1871422
0.2171147
0.2651168
0.2742352
0.2822983
0.3522531
0.3205407
0.3408453
0.3470128
0.3952225
0.4143101
0.4376492
0.4390665
0.482006
0.4892037
0.5211239
0.539362
0.5612904
0.5854515
0.6013277
0.6232644
0.638698
0.6663117
0.6897916
0.7133099
0.7311947
0.7502967
0.7717376
0.7888988
0.8125723
0.8385337
0.856679
0.8822103
0.8974761
0.9123553
0.9299872
0.9531137
0.97095
0.9955698
1.011992
1.036113
1.06161
1.077615
1.101707
1.119019
1.14304
1.160248
1.184392
1.200691
1.217113
1.233828
1.258129
1.283094
1.299313
1.323799
1.340602
1.364914
1.381515
1.406016
1.430607
1.447031
1.471813
1.488156
1.512846
1.537376
1.553833
1.578468
1.5949
1.619528
1.636015
1.660607
1.676994
1.701661
1.726265
1.742741
1.767329
1.783795
1.808417
1.824833
1.849438
1.874098
1.890527
1.915162
1.931588
1.956213
1.972647
1.997266
2.021897
2.03833
2.062968
2.079383
2.104023
2.120444
2.145078
2.169709
2.186133
2.210769
2.227192
2.251824
2.26825
2.292883
2.317517
2.333942
2.358575
2.38321
2.399632
2.424267
2.440689
2.465324
2.489958
2.506382
2.531015
2.547438
2.572073
2.588496
2.61313
2.637764
2.654187
2.678821
2.695244
2.719879
2.736301
2.760936
2.78557
2.801993
2.826627
2.84305
2.867685
2.884107
2.908742
2.933376
2.949799
2.974433
2.990856
3.015491
3.040125
3.056548
3.081182
3.097605
3.122239
3.138662
3.163297
3.187931
3.204354
3.228988
3.245411
3.270045
3.286468
3.311102
3.335737
3.35216
3.376794
3.393217
3.417851
3.442486
3.458909
3.483543
3.499966
3.5246
3.541023
3.565657
3.590292
3.606715
3.631349
3.647772
3.672406
3.688829
3.713463
3.738098
3.75452
3.779155
3.795578
3.820212
3.836635
3.861269
3.877692
3.894115
3.910538
3.935172
3.951595
3.976229
4.000864
4.017287
4.041921
4.066556
4.082978
4.107613
4.124035
4.14867
4.173304
4.189727
4.214362
4.230784
4.255419
4.26363
4.280053
4.304688
4.32111
4.345745
4.370379
4.386802
4.411436
4.43607
4.452494
4.477128
4.485339
4.509974
4.526396
4.551031
4.567453
4.592088
4.616722
4.633145
4.65778
4.682414
4.698837
4.723471
4.748106
4.764528
4.780951
4.797374
4.813797
4.83022
4.846642
4.871277
4.8877
4.912334
4.928757
4.94518
4.961603
4.986238
5.010872
5.027295
5.051929
5.068352
5.092986
5.109409
5.134043
5.150466
5.1751
5.199735
5.216158
5.240792
5.265427
5.281849
5.298272
5.322906
5.339329
5.363964
5.380387
5.39681
5.421444
5.437867
5.45429
5.478924
5.495347
5.519981
5.536404
5.561038
5.577461
5.602096
5.62673
5.643153
5.667787
5.68421
5.708845
5.725267
5.749902
5.766325
5.790959
5.815593
5.832016
5.85665
5.873074
5.897708
5.914131
5.938765
5.963399
5.979822
6.004457
6.020879
6.045514
6.061936
6.086571
6.102994
6.127628
6.152263
6.168685
6.193319
6.209743
6.234377
6.2508
6.275434
6.291857
6.316491
6.341126
6.357549
6.382183
6.398606
6.42324
6.439663
6.464297
6.488932
6.505355
6.529989
6.546412
6.571046
6.587469
6.612103
6.636738
6.653161
6.677795
6.694218
6.718853
6.735275
6.75991
6.776332
6.800967
6.825601
6.842024
6.866658
6.883081
6.907715
6.924138
6.948772
6.965196
6.98983
7.014464
7.030887
7.055521
7.071944
7.096579
7.112997
7.107993
6.979101
7.076749
7.040185
7.118226
7.073567
7.065504
7.05982
7.051337
7.002154
7.03182
7.033255
6.985126
7.03315
7.023494
7.030855
6.996481
6.996331
6.985602
7.016491
6.981175
7.003917
6.976847
6.979744
6.973751
6.967427
6.966721
6.962981
6.963154
6.956452
6.955966
6.941748
6.944026
6.939454
6.937217
6.935602
6.930995
6.92542
6.921447
6.919003
6.914877
6.912874
6.907388
6.906363
6.900244
6.8971
6.892347
6.890409
6.885786
6.8827
6.879013
6.875743
6.871898
6.867241
6.86428
6.859674
6.857157
6.852589
6.850395
6.845719
6.84279
6.83837
6.834467
6.831613
6.82758
6.824553
6.82043
6.817503
6.813334
6.810607
6.806407
6.802305
6.799466
6.79534
6.792557
6.788444
6.78565
6.781568
6.778801
6.774695
6.770593
6.767856
6.763766
6.761067
6.758341
6.754256
6.751595
6.748869
6.746168
6.742129
6.739436
6.735415
6.731386
6.728732
6.724727
6.722063
6.71807
6.715426
6.711442
6.707475
6.704842
6.700888
6.698259
6.694321
6.691701
6.687777
6.683857
6.681252
6.677351
6.674756
6.670869
6.666987
6.664407
6.66054
6.65797
6.654116
6.650272
6.647715
6.643886
6.641336
6.637519
6.63498
6.631178
6.627383
6.624857
6.621077
6.618561
6.614793
6.611033
6.608532
6.604786
6.602293
6.59856
6.594835
6.592357
6.588645
6.586176
6.582478
6.578788
6.576332
6.572656
6.570209
6.566545
6.564107
6.560456
6.556814
6.554389
6.55076
6.548345
6.544728
6.541119
6.538718
6.535122
6.532729
6.529146
6.525571
6.523191
6.519629
6.517258
6.513709
6.510167
6.507811
6.504281
6.501933
6.498416
6.494908
6.492572
6.489077
6.48675
6.483266
6.480948
6.477478
6.474014
6.471709
6.468258
6.465962
6.462523
6.459093
6.456809
6.453391
6.451116
6.447709
6.444311
6.442049
6.438663
6.436409
6.433034
6.429667
6.427427
6.424072
6.42184
6.418497
6.415162
6.412942
6.409619
6.407408
6.404097
6.400793
6.398594
6.395302
6.393111
6.389832
6.386559
6.38438
6.38112
6.378949
6.3757
6.373538
6.370301
6.367071
6.364922
6.361703
6.359561
6.356354
6.353155
6.351026
6.347837
6.345716
6.34254
6.33937
6.337261
6.334104
6.332002
6.328855
6.325716
6.323627
6.320498
6.318417
6.3153
6.313227
6.310122
6.307023
6.304961
6.301875
6.29982
6.296744
6.293675
6.291633
6.288576
6.286541
6.283494
6.280455
6.278431
6.275403
6.273388
