0
0
0
0
0
0
0
0
0
1.098463E-08
0.0001392106
0.08671814
0.03040741
0.1416431
0.2068601
0.194505
0.1621154
0.198382
0.2300987
0.2558725
0.2907465
0.2828034
0.3734225
0.3062451
0.3612418
0.367761
0.4219468
0.4391134
0.458576
0.4654158
0.4992038
0.5185764
0.5523362
0.5697418
0.6104299
0.6205522
0.6488868
0.6606342
0.691637
0.7062685
0.731152
0.7643116
0.7856948
0.8062279
0.8284128
0.8538812
0.873523
0.8975541
0.9239283
0.9513023
0.9670729
0.9948548
1.019313
1.038182
1.064294
1.090105
1.116924
1.133397
1.158804
1.186136
1.202912
1.229838
1.25543
1.281479
1.298785
1.324965
1.350983
1.368571
1.394665
1.421013
1.446784
1.46438
1.490352
1.516419
1.533828
1.560097
1.586086
1.603592
1.629594
1.655793
1.673151
1.699293
1.725356
1.734151
1.751519
1.777589
1.803736
1.812429
1.829816
1.855979
1.882062
1.899484
1.925594
1.943017
1.969105
1.995226
2.012621
2.021332
2.047458
2.064856
2.090981
2.108373
2.12579
2.143186
2.160605
2.169308
2.186721
2.212831
2.23894
2.256348
2.282465
2.308571
2.334686
2.352094
2.378208
2.404321
2.421728
2.447839
2.465247
2.482656
2.500064
2.517473
2.534882
2.55229
2.569698
2.578401
2.604515
2.621922
2.648035
2.674147
2.691555
2.717669
2.735076
2.761189
2.787301
2.804709
2.830822
2.84823
2.874342
2.891751
2.917863
2.943975
2.961383
2.987496
3.004904
3.031017
3.048425
3.074537
3.10065
3.118058
3.14417
3.161578
3.187691
3.213804
3.231212
3.257324
3.274732
3.300845
3.318253
3.344365
3.370478
3.387886
3.413999
3.431406
3.457519
3.474927
3.50104
3.527152
3.54456
3.570673
3.588081
3.614193
3.631602
3.657714
3.683827
3.701235
3.727347
3.744755
3.770868
3.788276
3.814389
3.840501
3.857909
3.884022
3.90143
3.927542
3.94495
3.971063
3.997175
4.014584
4.040696
4.058104
4.084217
4.101625
4.127737
4.145145
4.171258
4.197371
4.214778
4.240891
4.258299
4.284411
4.30182
4.327932
4.354045
4.371453
4.397565
4.414974
4.441086
4.458494
4.484607
4.510719
4.528127
4.55424
4.571648
4.59776
4.615169
4.641281
4.667394
4.684802
4.710914
4.728323
4.754435
4.771843
4.797956
4.824068
4.841476
4.867589
4.884997
4.911109
4.928517
4.95463
4.972038
4.99815
5.024262
5.041671
5.067783
5.085192
5.111304
5.128713
5.154825
5.172233
5.198346
5.215754
5.241866
5.267979
5.285387
5.311499
5.328907
5.35502
5.372428
5.39854
5.415949
5.442061
5.468174
5.485582
5.511694
5.529103
5.555215
5.572623
5.598736
5.624848
5.642256
5.668369
5.685777
5.711889
5.729298
5.75541
5.781522
5.798931
5.825043
5.842452
5.868564
5.885972
5.912085
5.929493
5.955605
5.981718
5.999126
6.025238
6.042646
6.068759
6.086167
6.112279
6.129688
6.1558
6.181912
6.199321
6.225433
6.242842
6.268954
6.286363
6.312475
6.329883
6.355995
6.382108
6.399516
6.425628
6.443037
6.469149
6.486557
6.51267
6.530078
6.55619
6.573598
6.599711
6.625823
6.643231
6.669344
6.686752
6.712865
6.730273
6.756386
6.773794
6.799906
6.826018
6.843427
6.869539
6.886947
6.913059
6.930468
6.95658
6.973989
7.000101
7.026214
7.043622
7.069734
7.087142
7.113016
7.101038
7.044255
7.072288
6.968451
7.04742
7.07306
7.0461
7.061776
7.025847
7.006598
7.054166
7.040118
7.071524
7.032161
7.004942
6.992504
7.009669
6.994102
7.001205
7.003197
6.999181
7.017207
6.994268
7.001575
6.988666
6.991644
6.98919
6.989572
6.984084
6.985409
6.984041
6.973069
6.976753
6.971126
6.972289
6.967964
6.968403
6.96613
6.961186
6.95717
6.956935
6.954567
6.951115
6.949544
6.946384
6.943756
6.941397
6.939086
6.936175
6.934599
6.930616
6.929642
6.9259
6.923179
6.920931
6.918694
6.916078
6.913922
6.911553
6.908703
6.906771
6.903727
6.901055
6.898931
6.896083
6.894236
6.891444
6.889365
6.8866
6.884665
6.881791
6.878957
6.877046
6.87423
6.872299
6.869423
6.867601
6.86482
6.862902
6.860126
6.857283
6.855436
6.852629
6.850774
6.848001
6.846172
6.843374
6.841525
6.83876
6.835997
6.834165
6.831403
6.829593
6.82685
6.825027
6.822291
6.820486
6.817756
6.81504
6.813239
6.810532
6.808732
6.806036
6.804243
6.801556
6.799767
6.797089
6.794418
6.792641
6.78998
6.788209
6.785555
6.78379
6.781149
6.779388
6.776755
6.774126
6.772377
6.769758
6.768015
6.765406
6.76367
6.761069
6.759338
6.756747
6.754161
6.752441
6.749864
6.748149
6.745582
6.743874
6.741315
6.739612
6.737063
6.734519
6.732826
6.730291
6.728604
6.726079
6.724398
6.72188
6.720205
6.717697
6.716028
6.713529
6.711035
6.709375
6.706891
6.705237
6.702761
6.701113
6.698646
6.697003
6.694545
6.692908
6.690459
6.688014
6.686387
6.683951
6.68233
6.679902
6.678287
6.675868
6.674259
6.671848
6.669443
6.667843
6.665446
6.663852
6.661464
6.659875
6.657495
6.655912
6.653541
6.651963
6.6496
6.647243
6.645674
6.643325
6.641762
6.639421
6.637864
6.635531
6.633204
6.631655
6.629336
6.627793
6.625482
6.623944
6.621642
6.620109
6.617815
6.615525
6.614002
6.611721
6.610203
6.607929
6.606417
6.604152
6.601892
6.600389
6.598136
6.596637
6.594393
6.5929
6.590664
6.589176
6.586948
6.585465
6.583246
6.58103
6.579556
6.577349
6.575881
6.573681
6.572217
6.570025
6.568568
6.566384
6.564205
6.562755
6.560584
6.559139
6.556976
6.555536
6.55338
6.551947
6.549798
6.547656
6.546229
6.544094
6.542673
6.540545
6.539128
6.537008
6.535597
6.533485
6.531377
6.529974
6.527874
6.526476
6.524383
6.52299
6.520905
6.519517
6.517439
6.515366
6.513986
6.51192
6.510546
6.508487
6.507117
6.505066
6.503701
6.501657
6.499619
6.498261
6.496229
6.494877
6.492853
6.491506
6.489488
6.487475
6.486135
6.48413
6.482796
6.480797
6.479467
