5
517
1034
1538
2051
2553
3054
3556
4058
4568
5070
5571
6071
6573
7073
7574
8075
8577
9078
9579
10082
10583
11086
11587
12089
12597
13099
13604
14105
14606
15108
15609
16110
16647
17379
17924
18474
18990
19492
19994
20496
20998
21499
22000
22502
23003
23505
24006
24507
25008
25511
26011
26512
27015
27517
28019
28520
29022
29523
30023
30524
31027
31529
32029
32531
33031
33533
34036
34537
35038
35538
36041
36541
37043
37545
38045
38547
39048
39548
40049
40562
41063
41568
42074
42575
43076
43589
44090
44591
45092
45671
46175
46676
47180
47681
48182
48714
49215
49715
50216
50729
51231
51732
52259
52760
53261
53764
54265
54767
55268
55769
56270
56784
57286
57787
58288
58792
59294
59824
60326
60826
61335
61836
62337
62880
63381
63882
64386
64887
65388
65889
66390
66891
67392
67899
68401
68902
69403
69904
70406
70907
71411
71912
72416
72917
73421
73922
74423
74937
75443
75944
76446
76949
77454
77955
78457
78958
79460
79961
80462
80966
81467
81968
82469
82971
83472
83973
84483
84985
85487
85988
86489
86990
87491
87997
88499
89000
89503
90004
90505
91006
91508
92009
92510
93010
93512
94013
94514
95015
95515
96016
96517
97018
97521
98022
98523
99024
99527
100027
100529
101031
101532
102032
102534
103039
103540
104041
104542
105043
105544
106045
106547
107048
107549
108050
108552
109054
109555
110059
110559
111061
111562
112062
112564
113065
113570
114071
114573
115075
115576
116078
116579
117083
117584
118084
118586
119086
119589
120091
120591
121093
121596
122097
122598
123098
123602
124104
124605
125106
125607
126110
126612
127113
127614
128115
128616
129118
129620
130121
130622
131123
131625
132126
132627
133128
133630
134131
134632
135140
135641
136142
136645
137146
137647
138149
138650
139151
139653
140154
140655
141156
141657
142159
142662
143169
143669
144171
144672
145173
145673
146175
146676
147178
147679
148180
148693
149194
149704
150205
150721
151224
151725
152226
152727
153228
153729
154235
154736
155237
155738
156239
156741
157242
157744
158245
158746
159247
159748
160249
160750
161252
161754
162255
162756
163258
163759
164260
164761
165262
165770
166270
166772
167273
167776
168276
168778
169279
169780
170282
170782
171284
171784
172294
172794
173295
173797
174298
174800
175301
175802
176303
176811
177312
177813
178315
178817
179319
179820
180321
180822
181324
181826
182327
182829
183330
183831
184333
184836
185337
185838
186339
186852
187353
187854
188355
188856
189357
189858
190359
190859
191362
191862
192363
192864
193365
193868
194369
194871
195371
195872
196374
196881
197382
197883
198384
198886
199387
199888
200389
200890
201418
201919
202421
202921
203423
203925
204426
204928
205429
205932
206434
206935
207436
207937
208439
208940
209441
209941
210452
210953
211454
211955
212458
212960
213461
213964
214465
214975
215476
215977
216478
216980
217482
217982
218485
218986
219488
219989
220490
220991
221493
221995
222496
222998
223499
224008
224509
225010
225512
226017
226519
227020
227521
228022
228525
229025
229528
230030
230530
231032
231534
232035
232535
233040
233541
234042
234543
235045
235546
236047
236549
237049
237552
238053
238555
239055
239556
240058
240559
241069
241570
242071
242573
243075
243576
244077
244578
245079
245580
246081
246583
247086
247588
248089
248590
249091
249593
250094
250595
251096
251596
252098
252599
253101
253602
254104
254604
255105
255612
256112
256614
257115
257616
258117
258619
259121
259623
260131
260632
261137
261638
262143
262645
263147
263649
264150
264652
265153
265662
266163
266664
267165
267667
268168
268670
269172
269673
270176
270677
271181
271682
272183
272684
273185
273687
274188
274689
275189
275696
276197
276699
277200
277701
278201
278702
279203
279704
280217
280718
281218
281741
282242
282744
283245
283746
284246
284753
285254
285755
286256
286757
287260
287761
288263
288764
289268
289769
290270
290771
291272
291773
292275
292783
293284
293789
294291
294792
295295
295796
296296
296797
297304
297805
298305
298808
299309
299811
