0
0
0
0
0
0
0
0
4.464607E-12
2.919825E-06
0.02456855
0.160734
0.03449288
0.1800158
0.1192719
0.2201631
0.1988231
0.2245882
0.2604696
0.289661
0.3291725
0.3201343
0.4227574
0.3466725
0.3989946
0.4237561
0.4776772
0.4820287
0.5191492
0.5435967
0.5651284
0.5870768
0.5995719
0.6449906
0.6611969
0.6955504
0.7118208
0.7394084
0.7663911
0.7934158
0.8161765
0.8398637
0.8672499
0.8894544
0.9172465
0.9378151
0.9666493
0.9998287
1.016086
1.045944
1.068903
1.094789
1.115944
1.1437
1.165098
1.194642
1.224595
1.243298
1.273895
1.293098
1.322007
1.342785
1.371609
1.40159
1.42123
1.45072
1.470311
1.499949
1.519184
1.549314
1.578855
1.598655
1.62801
1.647721
1.677169
1.697148
1.726539
1.756313
1.775949
1.805461
1.825217
1.85465
1.874472
1.903967
1.933593
1.953222
1.982841
2.002519
2.032119
2.051795
2.081348
2.110933
2.130625
2.160197
2.179906
2.209456
2.229164
2.258735
2.288289
2.308011
2.337561
2.357267
2.386826
2.406543
2.436093
2.455809
2.485365
2.50508
2.534638
2.564195
2.583911
2.613466
2.633176
2.662736
2.682449
2.712005
2.731714
2.761272
2.790834
2.810543
2.840104
2.859813
2.889373
2.918933
2.938642
2.968202
2.98791
3.017471
3.037179
3.06674
3.096301
3.116009
3.14557
3.165277
3.194838
3.214546
3.244107
3.273669
3.293376
3.322937
3.342645
3.372206
3.391913
3.421474
3.451035
3.470743
3.500304
3.520012
3.549573
3.579134
3.598842
3.628403
3.64811
3.677671
3.697379
3.72694
3.756501
3.776209
3.80577
3.825478
3.855039
3.874746
3.904307
3.933869
3.953576
3.983137
4.002845
4.032406
4.052114
4.081675
4.111236
4.130943
4.160505
4.180212
4.209773
4.229481
4.259042
4.288603
4.308311
4.337872
4.357579
4.387141
4.406848
4.436409
4.456117
4.485678
4.515239
4.534946
4.564507
4.584215
4.613776
4.643337
4.663045
4.692606
4.712314
4.741875
4.761582
4.791143
4.820705
4.840412
4.869973
4.889681
4.919242
4.93895
4.968511
4.988218
5.017779
5.04734
5.067048
5.09661
5.116317
5.145878
5.165586
5.195147
5.224708
5.244415
5.273976
5.293684
5.323245
5.342953
5.372514
5.392221
5.421782
5.451344
5.471051
5.500612
5.52032
5.549881
5.569589
5.59915
5.628711
5.648418
5.677979
5.697687
5.727248
5.746956
5.776517
5.806078
5.825786
5.855347
5.875054
5.904615
5.924323
5.953884
5.973592
6.003153
6.022861
6.052422
6.081983
6.10169
6.131251
6.150959
6.18052
6.200228
6.229789
6.249496
6.279058
6.298765
6.328326
6.357887
6.377595
6.407156
6.426864
6.456425
6.476132
6.505693
6.525401
6.554962
6.584523
6.60423
6.633792
6.6535
6.683061
6.702768
6.732329
6.76189
6.781598
6.811159
6.830866
6.860428
6.880136
6.909697
6.929404
6.958965
6.988526
7.008234
7.037795
7.057502
7.087064
7.106771
7.136094
7.126374
7.072919
7.103241
7.002657
7.085097
7.113022
7.089396
7.107334
7.074719
7.057676
7.108645
7.096806
7.131579
7.104682
7.070454
7.061317
7.080707
7.068422
7.077728
7.083014
7.081182
7.102511
7.084711
7.092309
7.08944
7.087797
7.088589
7.091134
7.088877
7.092359
7.094217
7.085378
7.092281
7.090785
7.093156
7.092025
7.094593
7.095503
7.092673
7.091828
7.093707
7.0945
7.093794
7.094729
7.094713
7.094176
7.09495
7.094722
7.094934
7.095764
7.094562
7.095266
7.094992
7.095387
7.096056
7.096043
7.096233
7.09647
7.09609
7.096205
7.096608
7.09654
7.096763
7.096842
7.096849
7.097153
7.097135
7.097245
7.097463
7.097585
7.097767
7.097827
7.097973
7.098075
7.098222
7.098301
7.098407
7.098559
7.098706
7.098836
7.098934
7.099068
7.099187
7.099271
7.099394
7.099553
7.099656
7.099809
7.099884
7.100032
7.100124
7.100262
7.100358
7.100505
7.100632
7.10072
7.100862
7.100952
7.101098
7.101183
7.101326
7.101418
7.101552
7.101686
7.101783
7.101919
7.102011
7.102147
7.102235
7.102371
7.102506
7.102597
7.102732
7.102822
7.102957
7.103046
7.10318
7.10327
7.103403
7.103537
7.103625
7.103758
7.103847
7.103979
7.104067
7.104199
7.104287
7.104418
7.104549
7.104636
7.104768
7.104854
7.104984
7.105071
7.105202
7.105288
7.105417
7.105546
7.105632
7.105761
7.105846
7.105975
7.10606
7.106187
7.106273
7.1064
7.106527
7.106612
7.106738
7.106823
7.106949
7.107033
7.107158
7.107243
7.107368
7.107451
7.107576
7.107701
7.107783
7.107907
7.10799
7.108114
7.108197
7.10832
7.108402
7.108525
7.108648
7.108729
7.108851
7.108932
7.109055
7.109136
7.109258
7.109338
7.109459
7.10958
7.109661
7.109781
7.109861
7.109981
7.110061
7.11018
7.11026
7.110379
7.110497
7.110577
7.110695
7.110774
7.110892
7.11097
7.111088
7.111166
7.111283
7.111401
7.111478
7.111595
7.111673
7.111789
7.111866
7.111982
7.112059
7.112174
7.112251
7.112366
7.112481
7.112557
7.112672
7.112747
7.112862
7.112937
7.113051
7.113164
7.11324
7.113352
7.113428
7.11354
7.113615
7.113728
7.113802
7.113914
7.113988
7.1141
7.114211
7.114285
7.114396
7.11447
7.11458
7.114653
7.114763
7.114837
7.114946
7.115019
7.115128
7.115201
7.115273
7.115383
7.115455
7.115527
7.115635
7.115743
7.115815
7.115922
7.115994
7.116101
7.116209
7.11628
7.116386
7.116457
7.116563
7.116599
7.11667
7.116776
7.116846
7.116951
7.117022
7.117126
7.117231
7.117301
7.117406
7.117476
7.117545
7.117614
7.117719
7.117787
7.117891
7.11796
7.118063
7.118132
7.118235
7.118303
7.118371
7.118474
7.118542
7.118644
7.118711
7.118814
7.118881
7.118982
7.11905
7.119151
7.119217
7.119318
7.119385
7.119485
7.119552
7.119652
7.119718
7.119818
7.119884
7.119984
7.120049
7.120149
7.120214
7.120313
7.120378
7.120476
7.120542
7.12064
7.120705
7.120802
7.120867
7.120965
7.121029
7.121125
7.121191
7.121286
7.121351
