0
0
0
0
0
0
0
0
0
4.529323E-12
0.0001583206
0.02466482
0.1605164
0.160459
0.2285321
0.1333495
0.1978022
0.2235081
0.247311
0.2896788
0.3502948
0.3201958
0.4227119
0.3467329
0.4090016
0.4163982
0.477672
0.4971591
0.5251663
0.5268811
0.5783947
0.5816353
0.6253356
0.6472282
0.6735398
0.7025356
0.7215858
0.7479111
0.7664307
0.799569
0.8162093
0.8559633
0.8672709
0.9003489
0.9172662
0.9466725
0.9666749
0.9998583
1.016125
1.045982
1.076966
1.094821
1.126274
1.143731
1.175322
1.204883
1.224629
1.253545
1.273926
1.302756
1.332957
1.351839
1.381862
1.401622
1.431349
1.46053
1.480588
1.50975
1.529438
1.559169
1.578888
1.608716
1.637891
1.657812
1.687213
1.706983
1.736432
1.756347
1.785782
1.815409
1.835071
1.864594
1.884349
1.913874
1.943428
1.963212
1.992723
2.012387
2.041987
2.06168
2.091283
2.12079
2.140548
2.170094
2.189794
2.21932
2.239071
2.268626
2.298188
2.3179
2.34745
2.367171
2.396713
2.42627
2.44599
2.475555
2.495254
2.524822
2.544527
2.574088
2.603646
2.623354
2.652917
2.672625
2.702183
2.721895
2.751453
2.781015
2.800725
2.830284
2.849991
2.879553
2.899261
2.928821
2.958383
2.97809
3.007652
3.027358
3.05692
3.076628
3.106189
3.125896
3.155457
3.185018
3.204726
3.234287
3.253994
3.283556
3.303263
3.332824
3.362386
3.382093
3.411654
3.431362
3.460923
3.48063
3.510192
3.539753
3.55946
3.589022
3.608729
3.63829
3.667851
3.687559
3.71712
3.736828
3.766389
3.79595
3.815658
3.845219
3.864926
3.894487
3.914195
3.943756
3.973317
3.993025
4.022586
4.042294
4.071855
4.091562
4.121123
4.140831
4.170392
4.199953
4.219661
4.249222
4.268929
4.298491
4.328052
4.347759
4.37732
4.397028
4.426589
4.446297
4.475858
4.505419
4.525126
4.554688
4.574395
4.603956
4.623664
4.653225
4.682786
4.702494
4.732055
4.751762
4.781323
4.801031
4.830592
4.860154
4.879861
4.909422
4.92913
4.958691
4.978398
5.007959
5.027667
5.057228
5.086789
5.106497
5.136058
5.155766
5.185327
5.205034
5.234595
5.264156
5.283864
5.313425
5.333133
5.362694
5.382401
5.411963
5.43167
5.461231
5.490792
5.5105
5.540061
5.559769
5.58933
5.609037
5.638598
5.658306
5.687867
5.717428
5.737136
5.766697
5.786405
5.815966
5.835673
5.865234
5.894795
5.914503
5.944064
5.963772
5.993333
6.013041
6.042602
6.062309
6.09187
6.111578
6.141139
6.160846
6.190407
6.219969
6.239676
6.269238
6.288945
6.318506
6.338214
6.367774
6.397336
6.417043
6.446605
6.466312
6.495873
6.515581
6.545142
6.56485
6.59441
6.614118
6.643679
6.673241
6.692948
6.722509
6.742217
6.771778
6.791486
6.821046
6.840754
6.870315
6.890023
6.919584
6.949145
6.968853
6.998414
7.018122
7.047682
7.06739
7.096951
7.116659
7.145981
7.070619
7.08272
7.066083
7.012388
7.094868
7.122789
7.099131
7.117069
7.084408
7.067988
7.118324
7.055776
7.141239
7.105111
7.08004
7.070876
7.090267
7.077951
7.087255
7.092523
7.08844
7.112
7.092271
7.101759
7.092067
7.09721
7.097982
7.100516
7.098238
7.101709
7.103549
7.100144
7.101581
7.099133
7.102423
7.101271
7.103829
7.104721
7.101875
7.101011
7.102878
7.103653
7.102934
7.103851
7.103816
7.103265
7.10402
7.103781
7.103973
7.104463
7.10357
7.104654
7.103992
7.104345
7.104143
7.104971
7.104393
7.105291
7.104954
7.105147
7.105239
7.105227
7.10558
7.105469
7.105637
7.105796
7.106009
7.105928
7.106157
7.106215
7.106324
7.106467
7.106537
7.106688
7.106731
7.106812
7.106957
7.107123
7.107164
7.107324
7.107394
7.107513
7.107625
7.107713
7.107849
7.107956
7.108057
7.108136
7.10826
7.108338
7.108466
7.108552
7.108677
7.108797
7.108878
7.108996
7.109088
7.1092
7.109285
7.109406
7.109483
7.109607
7.109727
7.109808
7.109928
7.110006
7.110124
7.110207
7.110324
7.110404
7.110524
7.110641
7.11072
7.110839
7.110916
7.111035
7.111114
7.11123
7.111308
7.111425
7.111542
7.11162
7.111736
7.111813
7.111929
7.112006
7.112122
7.112198
7.112313
7.112429
7.112505
7.112619
7.112696
7.112809
7.112885
7.112999
7.113075
7.113188
7.113301
7.113376
7.113489
7.113564
7.113676
7.113751
7.113863
7.113937
7.114048
7.114123
7.114234
7.114345
7.114419
7.114529
7.114603
7.114713
7.114786
7.114896
7.114969
7.115078
7.115188
7.11526
7.115369
7.115441
7.11555
7.115622
7.11573
7.115802
7.11591
7.116017
7.116088
7.116195
7.116266
7.116373
7.116444
7.11655
7.116621
7.116727
7.116833
7.116903
7.117009
7.117079
7.117184
7.117253
7.117358
7.117428
7.117532
7.117636
7.117705
7.117809
7.117878
7.117981
7.118051
7.118154
7.118222
7.118325
7.118392
7.118495
7.118597
7.118665
7.118767
7.118834
7.118936
7.119003
7.119104
7.119172
7.119272
7.119372
7.11944
7.11954
7.119606
7.119706
7.119772
7.119872
7.119938
7.120037
7.120136
7.120202
7.1203
7.120366
7.120464
7.120529
7.120628
7.120693
7.12079
7.120855
7.120952
7.121049
7.121114
7.121211
7.121274
7.121371
7.121435
7.121531
7.121595
7.121691
7.121787
7.12185
7.121945
7.122008
7.122103
7.122166
7.12226
7.122355
7.122417
7.122512
7.122574
7.122668
7.12273
7.122824
7.122886
7.122979
7.123041
7.123133
7.123225
7.123287
7.123379
7.123441
7.123532
7.123594
7.123685
7.123746
7.123837
7.123928
7.123989
7.12408
7.12414
7.12423
7.12429
7.124381
7.124441
7.124531
7.12459
7.12468
7.124769
7.124828
7.124918
7.124977
7.125065
7.125124
7.125213
7.125272
7.125359
7.125447
7.125506
7.125593
7.125652
7.125739
7.125797
7.125884
7.125942
7.126029
7.126115
7.126173
7.126259
7.126317
7.126402
7.12646
7.126545
7.126602
7.126687
7.126772
7.126829
7.126914
7.12697
7.127055
7.127111
7.127168
