0
0
0
0
0
0
0
0
0
0
0
0
4.653257E-12
2.994997E-06
0.003022019
0.1920579
0.03388991
0.1607666
0.2288865
0.1337715
0.1836147
0.2236222
0.2473917
0.2878658
0.3183446
0.3289489
0.3203121
0.3936328
0.3557741
0.3847871
0.3990367
0.4091383
0.4234781
0.4702696
0.4743177
0.4973065
0.5253106
0.5268705
0.5651934
0.5869982
0.5997498
0.6467361
0.6472955
0.6736373
0.7026054
0.7346686
0.7479782
0.7831076
0.7996255
0.8278131
0.8560561
0.8673114
0.9004277
0.9173036
0.9467394
0.966723
0.9890055
1.006288
1.028075
1.046053
1.077024
1.094882
1.126339
1.154033
1.175386
1.204946
1.224694
1.253614
1.283176
1.302817
1.32211
1.351901
1.371706
1.392355
1.42133
1.440886
1.460592
1.490282
1.509812
1.539771
1.559234
1.578951
1.598755
1.618405
1.647819
1.667646
1.687278
1.697246
1.716786
1.726636
1.746467
1.766233
1.795655
1.815473
1.844909
1.864658
1.884413
1.904065
1.923815
1.943491
1.95332
1.97314
1.982938
1.992787
2.012451
2.022337
2.042051
2.061743
2.081446
2.101195
2.130723
2.150445
2.170158
2.189858
2.209553
2.229262
2.248975
2.26869
2.288387
2.308109
2.327806
2.347514
2.377083
2.396777
2.416494
2.436191
2.455907
2.47562
2.495318
2.515032
2.534736
2.554443
2.574152
2.593858
2.613563
2.633273
2.652982
2.672689
2.702247
2.721959
2.741666
2.76137
2.781079
2.800788
2.820492
2.840201
2.869764
2.889471
2.909178
2.928884
2.948594
2.9683
2.988007
3.017569
3.037277
3.056984
3.076692
3.096398
3.116106
3.135814
3.155521
3.185082
3.20479
3.224498
3.244205
3.263912
3.28362
3.303327
3.323035
3.342742
3.372303
3.392011
3.411718
3.431426
3.451133
3.470841
3.490548
3.510256
3.539817
3.559525
3.579232
3.598939
3.618647
3.638354
3.658062
3.677769
3.70733
3.727038
3.746745
3.766453
3.78616
3.805868
3.825575
3.845283
3.86499
3.894551
3.914259
3.933966
3.953674
3.973381
3.993089
4.012796
4.032504
4.062065
4.081772
4.10148
4.121187
4.140895
4.160602
4.18031
4.200017
4.219725
4.249286
4.268993
4.288701
4.308408
4.328115
4.347823
4.367531
4.387238
4.406945
4.436507
4.456214
4.475922
4.495629
4.515337
4.535044
4.554751
4.574459
4.60402
4.623728
4.643435
4.663143
4.68285
4.702558
4.722265
4.751826
4.771533
4.791241
4.810949
4.830656
4.850364
4.870071
4.889779
4.909486
4.939047
4.958755
4.978462
4.998169
5.017877
5.037584
5.057292
5.077
5.106561
5.126268
5.145975
5.165683
5.18539
5.205098
5.224805
5.244513
5.274074
5.293782
5.313489
5.333197
5.352904
5.372611
5.392319
5.412026
5.431734
5.461295
5.481002
5.50071
5.520418
5.540125
5.559833
5.57954
5.599247
5.618955
5.648516
5.668223
5.687931
5.707638
5.727346
5.747054
5.766761
5.786469
5.806176
5.825883
5.855445
5.875152
5.894859
5.914567
5.934274
5.953982
5.97369
5.993397
6.013104
6.042665
6.062373
6.082081
6.101788
6.121495
6.141203
6.16091
6.180618
6.200325
6.220033
6.249594
6.269301
6.289009
6.308717
6.328424
6.348131
6.367839
6.387546
6.417108
6.436815
6.456522
6.47623
6.495937
6.515645
6.535353
6.555059
6.574767
6.604328
6.624036
6.643744
6.663451
6.683158
6.702866
6.722573
6.742281
6.761988
6.791549
6.811257
6.830964
6.850672
6.870379
6.890087
6.909794
6.929502
6.949209
6.97877
6.998477
7.018185
7.037893
7.0576
7.077308
7.097015
7.116723
7.136189
7.126327
7.073396
7.102971
7.069901
7.047598
7.084835
7.113147
7.108259
7.11194
7.09649
7.09995
7.058511
7.108736
7.096864
7.052195
7.097747
7.095522
7.070458
7.110155
7.102716
7.083642
7.100414
7.088024
7.083029
7.08113
7.107177
7.103622
7.082921
7.092354
7.089465
7.093219
7.093535
7.088685
7.091189
7.094442
7.092733
7.092422
7.095018
7.092682
7.090925
7.092339
7.090832
7.096064
7.094117
7.092091
7.094643
7.092142
7.093243
7.095141
7.091887
7.093773
7.094802
7.093551
7.094266
7.094162
7.094775
7.09424
7.093889
7.094951
7.093831
7.094991
7.095497
7.09552
7.095237
7.095854
7.095055
7.095448
7.095258
7.095484
7.095919
7.096292
7.096457
7.096128
7.096262
7.096264
7.096236
7.0966
7.096822
7.096723
7.097116
7.096996
7.097211
7.097311
7.097243
7.09749
7.097559
7.097643
7.097825
7.097847
7.097929
7.098056
7.098132
7.098279
7.098359
7.098464
7.098591
7.098644
7.098763
7.098894
7.098927
7.09904
7.09913
7.099269
7.099372
7.09945
7.09959
7.099659
7.099751
7.099865
7.09994
7.100028
7.10018
7.100254
7.100367
7.10045
7.100561
7.100642
7.10073
7.100834
7.100917
7.10106
7.101153
7.101239
7.101335
7.101427
7.101517
7.101607
7.101698
7.101793
7.101926
7.102017
7.102111
7.102201
7.102289
7.102383
7.102473
7.102561
7.102652
7.102741
7.102876
7.102965
7.103056
7.103146
7.103233
7.103323
7.103412
7.1035
7.10359
7.103724
7.103811
7.1039
7.103987
7.104076
7.104164
7.104251
7.104339
7.104426
7.104514
7.104645
7.104733
7.104819
7.104907
7.104993
7.10508
7.105166
7.105253
7.105339
7.105469
7.105555
7.105641
7.105727
7.105812
7.105898
7.105983
7.106026
7.106153
7.106238
7.106324
7.106409
7.106493
7.106578
7.106662
7.106747
7.106831
7.106957
7.107041
7.107125
7.107251
7.107334
7.107418
7.107543
7.107584
7.107667
7.10775
7.107875
7.107958
7.10804
7.108123
7.108205
7.108287
7.108369
7.108451
7.108533
7.108615
7.108737
7.108819
7.108901
7.108982
7.109063
7.109144
7.109225
7.109306
7.109386
7.109468
7.109588
7.109668
7.109749
7.109828
7.109909
7.109988
7.110068
7.110148
7.110228
7.110347
7.110426
7.110505
7.110584
7.110663
7.110743
7.110821
7.1109
7.110978
7.111096
7.111174
7.111253
7.111331
7.111408
7.111486
7.111564
7.111642
7.111719
7.111797
