23
745
1247
1752
2253
2755
3261
3835
4338
4839
5339
5840
6341
6847
7348
7848
8349
8851
9352
9853
10354
10856
11357
11860
12361
12871
13374
13875
14376
14879
15379
15880
16381
16883
17385
17886
18389
18890
19392
19893
20395
20896
21398
21900
22406
22908
23410
23911
24413
24913
25414
25917
26418
26920
27421
27922
28426
28927
29430
29931
30444
30947
31448
31950
32451
32953
33455
33955
34458
34960
35462
35962
36464
36965
37466
37969
38469
38971
39472
39972
40474
40975
41480
41981
42482
42983
43485
43987
44488
44989
45490
46005
46508
47010
47513
48014
48516
49017
49518
50019
50520
51021
51522
52024
52526
53027
53529
54030
54532
55033
55533
56035
56536
57037
57539
58041
58542
59052
59556
60057
60559
61060
61561
62062
62564
63065
63567
64069
64571
65073
65573
66075
66576
67082
67583
68084
68585
69086
69587
70088
70597
71098
71599
72101
72602
73104
73605
74106
74607
75108
75611
76112
76623
77137
77638
78140
78641
79143
79644
80145
80646
81147
81649
82150
82651
83153
83655
84157
84658
85160
85661
86162
86663
87164
87665
88166
88668
89169
89686
90188
90690
91190
91692
92193
92694
93200
93702
94203
94705
95206
95707
96208
96709
97211
97712
98213
98714
99215
99716
100230
100731
101232
101733
102234
102735
103236
103738
104239
104741
105242
105743
106247
106748
107249
107751
108253
108754
109257
109758
110259
110762
111263
111764
112265
112773
113274
113776
114278
114779
115281
115782
116284
116785
117288
117789
118290
118792
119292
119793
120294
120799
121299
121801
122302
122803
123305
123806
124307
124808
125309
125809
126311
126812
127318
127820
128321
128824
129324
129825
130327
130828
131329
131829
132330
132831
133332
133833
134336
134837
135338
135839
136342
136842
137343
137845
138347
138848
139349
139851
140352
140865
141366
141868
142370
142876
143377
143878
144380
144880
145382
145883
146384
146885
147386
147887
148389
148891
149392
149894
150394
150896
151397
151899
152400
152901
153403
153904
154405
154906
155412
155913
156419
156921
157421
157923
158424
158927
159428
159932
160433
160935
161436
161950
162450
162951
163453
163954
164460
164961
165462
165963
166464
166965
167468
167969
168471
168973
169474
169974
170476
170978
171478
171980
172481
172983
173484
173986
174487
174989
175490
175992
176492
176993
177518
178019
178520
179022
179523
180024
180525
181027
181528
182028
182529
183030
183531
184032
184533
185034
185536
186037
186538
187040
187548
188048
188549
189051
189553
190054
190555
191057
191558
192059
192561
193068
193570
194071
194572
195073
195575
196076
196576
197077
197580
198082
198582
199084
199586
200088
200589
201091
201593
202110
202611
203112
203615
204116
204618
205118
205622
206123
206626
207126
207627
208130
208633
209134
209635
210137
210638
211148
211649
212150
212652
213154
213655
214156
214657
215158
215660
216161
216662
217166
217668
218170
218671
219173
219674
220176
220677
221182
221683
222184
222685
223186
223689
224190
224692
225193
225706
226207
226709
227210
227711
228213
228714
229216
229717
230222
230723
231225
231726
232227
232729
233230
233731
234232
234734
235235
235736
236237
236739
237241
237742
238243
238744
239247
239748
240249
240750
241251
241752
242253
242754
243255
243768
244270
244851
245378
245907
246408
246910
247412
247940
248442
248943
249448
249949
250449
250952
251471
251972
252474
252975
253476
253979
254480
254981
255482
255985
256486
256987
257488
257989
258491
258992
259494
259995
260496
260998
261498
261999
262500
263018
263519
264020
264522
265023
265526
266027
266528
267029
267531
268033
268534
269036
269537
270040
270541
271042
271544
272044
272546
273047
273549
274050
274553
275054
275556
276057
276558
277059
277564
278064
278566
279067
279568
280069
280569
281074
281575
282077
282578
283079
283580
284081
284582
285084
285585
286086
286587
287088
287603
288104
288605
289106
289607
290108
290609
291111
291612
292113
292614
293115
293617
294120
294621
295123
295625
296125
296642
297143
297644
298145
298645
299146
299649
