8
510
1013
1559
2059
2560
3061
3562
4063
4564
5065
5567
6068
6569
7070
7572
8079
8587
9089
9590
10091
10592
11094
11595
12096
12597
13108
13610
14111
14612
15114
15621
16123
16624
17125
17627
18128
18629
19130
19631
20132
20636
21138
21639
22140
22641
23143
23643
24144
24645
25146
25647
26148
26649
27150
27651
28152
28653
29153
29655
30210
30711
31213
31714
32216
32717
33225
33726
34228
34743
35245
35746
36247
36748
37263
37764
38265
38768
39269
39770
40271
40778
41279
41782
42284
42785
43286
43787
44291
44794
45296
45798
46299
46801
47302
47804
48305
48806
49307
49809
50311
50812
51313
51816
52317
52817
53318
53820
54321
54822
55323
55824
56325
56826
57328
57830
58331
58832
59336
59837
60338
60839
61341
61842
62344
62845
63358
63861
64362
64864
65365
65866
66367
66868
67369
67871
68372
68873
69374
69875
70377
70878
71379
71881
72382
72884
73385
73886
74387
74888
75390
75892
76393
76893
77402
77903
78404
78905
79407
79909
80410
80912
81412
81913
82415
82916
83418
83919
84450
84951
85453
85954
86455
87004
87518
88103
88619
89119
89620
90125
90626
91139
91702
92247
92759
93293
93810
94313
94902
95403
95924
96446
96947
97448
97968
98484
98988
99528
100034
100565
101070
101581
102083
102585
103086
103589
104090
104591
105092
105593
106095
106597
107098
107599
108104
108607
109108
109629
110136
110637
111140
111642
112143
112646
113148
113648
114149
114651
115152
115654
116155
116656
117157
117658
118160
118661
119163
119664
120165
120667
121169
121670
122185
122686
123187
123688
124189
124690
125191
125692
126194
126694
127197
127698
128199
128702
129203
129704
130205
130706
131207
131709
132209
132710
133215
133716
134217
134718
135219
135720
136220
136722
137223
137724
138226
138727
139228
139730
140230
140731
141233
141735
142237
142741
143241
143742
144243
144743
145244
145745
146246
146747
147250
147751
148252
148753
149254
149755
150256
150758
151259
151760
152261
152762
153264
153764
154265
154766
155267
155769
156270
156771
157274
157775
158276
158778
159280
159783
160284
160785
161286
161823
162325
162826
163327
163828
164329
164831
165331
165832
166335
166838
167339
167840
168341
168842
169342
169845
170351
170851
171352
171853
172370
172874
173377
173878
174381
174884
175385
175886
176388
176894
177396
177897
178398
178898
179406
179907
180409
180909
181411
181911
182413
182914
183414
183915
184416
184918
185420
185921
186422
186923
187425
187927
188428
188929
189430
189932
190434
190936
191437
191937
192439
192941
193441
193942
194443
194944
195446
195947
196449
196952
197454
197955
198456
198957
199458
199959
200460
200960
201461
201963
202464
202965
203466
203967
204468
204969
205470
205972
206473
206974
207476
207977
208478
208986
209488
209990
210491
210992
211493
211994
212496
212996
213497
214008
214510
215011
215512
216014
216516
217017
217519
218020
218521
219022
219527
220028
220529
221029
221531
222032
222533
223034
223534
224036
224537
225040
225546
226052
226553
227057
227558
228059
228560
229064
229565
230066
230568
231069
231570
232072
232574
233074
233577
234079
234580
235082
235584
236085
236586
237087
237588
238090
238590
239097
239598
240100
240602
241103
241605
242106
242610
243111
243612
244114
244615
245116
245617
246118
246619
247120
247621
248154
248656
249156
249666
250168
250669
251170
251672
252172
252675
253177
253677
254179
254680
255181
255681
256187
256688
257189
257690
258191
258692
259193
259694
260195
260699
261201
261701
262203
262703
263204
263706
264207
264708
265209
265711
266212
266714
267218
267719
268219
268721
269221
269722
270236
270737
271238
271739
272241
272742
273243
273745
274246
274747
275248
275749
276250
276752
277253
277755
278256
278757
279257
279759
280260
280761
281262
281763
282292
282794
283295
283797
284298
284799
285337
285838
286341
286842
287343
287844
288345
288847
289348
289849
290350
290851
291352
291854
292355
292856
293359
293860
294361
294862
295364
295866
296367
296868
297368
297869
298371
298872
299373
299874
