15
531
1047
1548
2050
2575
3079
3584
4086
4598
5098
5600
6101
6606
7107
7609
8111
8612
9114
9615
10116
10617
11118
11618
12119
12629
13130
13632
14134
14635
15180
15681
16182
16684
17185
17690
18191
18692
19195
19696
20198
20699
21200
21702
22203
22704
23205
23708
24209
24710
25212
25713
26214
26715
27216
27717
28218
28719
29220
29721
30221
30722
31224
31725
32226
32728
33230
33731
34233
34736
35237
35738
36240
36741
37242
37742
38244
38745
39247
39748
40252
40754
41255
41757
42259
42767
43268
43772
44275
44776
45280
45781
46282
46785
47286
47788
48289
48792
49292
49794
50294
50795
51296
51797
52300
52801
53302
53803
54305
54806
55307
55808
56309
56810
57316
57817
58318
58819
59330
59832
60332
60834
61335
61848
62349
62850
63353
63853
64354
64856
65359
65861
66362
66864
67365
67867
68368
68870
69371
69873
70375
70875
71377
71878
72380
72882
73384
73887
74387
74888
75389
75890
76390
76891
77393
77894
78395
78896
79413
79914
80415
80918
81419
81920
82421
82925
83428
83929
84432
84933
85433
85935
86437
86939
87440
87942
88442
88951
89453
89953
90455
90956
91457
91958
92463
92964
93465
93967
94468
94970
95470
95972
96472
96974
97476
97977
98479
98980
99481
99983
100484
100985
101489
101991
102492
102993
103493
103997
104498
104999
105500
106001
106502
107003
107517
108018
108519
109021
109522
110024
110525
111027
111528
112029
112531
113031
113533
114034
114547
115049
115550
116052
116553
117055
117556
118057
118558
119060
119563
120064
120565
121066
121569
122070
122575
123077
123578
124079
124580
125082
125583
126084
126585
127086
127588
128090
128591
129092
129598
130099
130601
131103
131603
132105
132607
133115
133617
134117
134618
135126
135627
136129
136630
137132
137643
138144
138646
139147
139649
140150
140651
141154
141656
142158
142659
143160
143661
144162
144673
145174
145676
146178
146679
147181
147683
148185
148688
149197
149698
150199
150700
151201
151703
152203
152705
153206
153719
154221
154721
155222
155724
156226
156727
157229
157730
158235
158736
159237
159738
160239
160742
161242
161745
162246
162767
163268
163769
164270
164771
165272
165773
166275
166776
167279
167780
168286
168787
169288
169789
170290
170791
171293
171794
172295
172796
173297
173798
174299
174800
175301
175802
176304
176805
177305
177807
178308
178810
179313
179814
180315
180818
181319
181824
182326
182827
183328
183838
184339
184840
185341
185841
186343
186844
187345
187846
188351
188853
189353
189854
190356
190858
191358
191859
192361
192871
193372
193873
194374
194874
195376
195877
196378
196879
197381
197882
198384
198886
199387
199889
200390
200891
201392
201893
202394
202896
203397
203897
204399
204899
205402
205903
206405
206906
207409
207911
208411
208919
209421
209923
210424
210926
211427
211939
212441
212942
213449
213950
214452
214953
215457
215959
216460
216961
217462
217964
218465
218966
219467
219969
220471
220972
221473
221975
222476
222977
223478
223979
224480
224981
225490
225990
226493
226994
227495
227998
228499
229001
229502
230018
230520
231024
231527
232029
232532
233033
233534
234035
234561
235062
235564
236064
236566
237068
237568
238075
238575
239079
239580
240081
240582
241083
241585
242086
242587
243088
243593
244094
244595
245096
245598
246100
246602
247103
247604
248116
248617
249119
249623
250124
250626
251126
251627
252128
252645
253146
253648
254150
254651
255161
255661
256162
256663
257171
257673
258173
258676
259177
259678
260179
260682
261183
261684
262187
262689
263204
263706
264212
264712
265213
265715
266216
266718
267219
267720
268221
268726
269227
269730
270232
270734
271238
271739
272241
272742
273253
273753
274255
274756
275257
275759
276261
276762
277263
277764
278265
278766
279268
279769
280270
280772
281274
281775
282276
282777
283279
283781
284282
284783
285284
285790
286291
286792
287293
287794
288295
288796
289298
289799
290301
290803
291304
291806
292307
292810
293311
293812
294313
294826
295327
295827
296328
296830
297332
297833
298334
298835
299337
299838
