0
0
0
0
0
0
0
0
0
2.739204E-06
0.002785801
0.1788725
0.05190231
0.1680399
0.1111992
0.1846525
0.1855955
0.210693
0.2685399
0.2968663
0.2817327
0.3669833
0.3323332
0.3724013
0.3954538
0.4386961
0.4499061
0.4845284
0.5073571
0.5274661
0.5479233
0.5596345
0.6019913
0.6171374
0.6491894
0.664381
0.6901267
0.7073916
0.740536
0.7617828
0.7838973
0.8094448
0.8301761
0.8561075
0.8753117
0.9022201
0.9331897
0.9483683
0.976235
0.9976599
1.02182
1.041567
1.067471
1.096955
1.115019
1.142974
1.160429
1.188986
1.215893
1.233892
1.261704
1.280187
1.308168
1.3265
1.354024
1.381869
1.399971
1.427462
1.446045
1.473616
1.492097
1.519495
1.547278
1.565376
1.593172
1.611454
1.639244
1.666717
1.685115
1.71272
1.731025
1.758713
1.777055
1.804706
1.832319
1.85067
1.878215
1.896663
1.924221
1.94261
1.970222
1.988602
2.016203
2.034597
2.062177
2.089787
2.108171
2.135755
2.154162
2.181742
2.200135
2.227722
2.255322
2.273705
2.301307
2.319692
2.34729
2.365681
2.393267
2.411669
2.439253
2.466845
2.485239
2.512831
2.531223
2.558815
2.586404
2.604797
2.632387
2.650782
2.678373
2.696767
2.724356
2.751948
2.77034
2.797931
2.816325
2.843915
2.862309
2.889899
2.91749
2.935884
2.963474
2.981867
3.009459
3.027852
3.055442
3.083033
3.101426
3.129017
3.14741
3.175001
3.193395
3.220985
3.248576
3.266969
3.29456
3.312953
3.340544
3.358937
3.386528
3.414118
3.432512
3.460102
3.478496
3.506086
3.52448
3.552071
3.579661
3.598055
3.625645
3.644039
3.671629
3.690023
3.717613
3.745203
3.763597
3.791188
3.809581
3.837172
3.855566
3.883156
3.910747
3.92914
3.956731
3.975124
4.002715
4.021108
4.048699
4.076289
4.094683
4.122273
4.140667
4.168257
4.186651
4.214242
4.241832
4.260226
4.287816
4.30621
4.3338
4.352194
4.379784
4.407374
4.425768
4.453359
4.471752
4.499343
4.517736
4.545327
4.563721
4.591311
4.618902
4.637295
4.664886
4.683279
4.71087
4.729263
4.756854
4.784444
4.802838
4.830428
4.848822
4.876412
4.894806
4.922397
4.94079
4.96838
4.995971
5.014365
5.041955
5.060349
5.087939
5.106333
5.133924
5.152317
5.179908
5.207498
5.225892
5.253482
5.271876
5.299466
5.31786
5.34545
5.363844
5.391435
5.409828
5.437418
5.465009
5.483403
5.510993
5.529387
5.556977
5.575371
5.602961
5.621355
5.648945
5.676536
5.694929
5.72252
5.740913
5.768504
5.786898
5.814488
5.832881
5.860472
5.878866
5.906456
5.934047
5.95244
5.980031
5.998425
6.026015
6.044408
6.071999
6.099589
6.117983
6.145573
6.163967
6.191558
6.209951
6.237541
6.255936
6.283526
6.311116
6.32951
6.3571
6.375494
6.403084
6.421478
6.449068
6.467462
6.495052
6.522643
6.541037
6.568627
6.587021
6.614611
6.633005
6.660595
6.678989
6.706579
6.724973
6.752563
6.780154
6.798548
6.826138
6.844531
6.872122
6.890516
6.918106
6.9365
6.96409
6.991681
7.010074
7.037664
7.056059
7.083649
7.102042
7.129395
7.118379
7.062954
7.044419
6.989506
7.069995
7.096594
7.071046
7.087694
7.05315
7.03484
7.083865
7.01949
7.103598
7.065616
7.039312
7.028266
7.046391
7.032203
7.040257
7.043646
7.037693
7.059993
7.038419
7.046661
7.035123
7.039029
7.03795
7.039254
7.035136
7.040015
7.03738
7.032147
7.032365
7.028094
7.030168
7.027197
7.028542
7.027619
7.023571
7.020902
7.021393
7.020539
7.018425
7.017746
7.01592
7.014179
7.01315
7.011724
7.010138
7.009175
7.006781
7.005698
7.004259
7.00285
7.001475
7.000547
6.998801
6.99795
6.996448
6.994898
6.993467
6.99208
6.9907
6.989435
6.987875
6.986885
6.985375
6.98415
6.982663
6.981578
6.979977
6.978414
6.977349
6.9758
6.974711
6.973097
6.972115
6.970592
6.96951
6.967987
6.966395
6.965379
6.963818
6.962793
6.961261
6.960258
6.958697
6.957671
6.956139
6.954606
6.953593
6.952057
6.951062
6.94954
6.94853
6.947519
6.946016
6.945001
6.944499
6.942992
6.941491
6.940496
6.939
6.938004
6.936509
6.935521
6.934031
6.932551
6.931562
6.930084
6.929104
6.927629
6.926649
6.925181
6.924207
6.922742
6.921284
6.920312
6.918859
6.917891
6.916441
6.915478
6.914033
6.913073
6.911633
6.910676
6.909242
6.908288
6.906858
6.905433
6.904484
6.903063
6.902117
6.900702
6.899759
6.898348
6.897409
6.896003
6.8946
6.893666
6.892267
6.891337
6.889944
6.889017
6.887629
6.886704
6.885321
6.88394
6.883021
6.881645
6.88073
6.879358
6.878447
6.87708
6.875716
6.874809
6.873451
6.872547
6.871192
6.870292
6.868943
6.868045
6.866701
6.865806
6.864466
6.863575
6.86224
6.860908
6.860022
6.858694
6.85781
6.856487
6.855607
6.854289
6.853412
6.852098
6.850787
6.849916
6.848609
6.84774
6.846438
6.845572
6.844275
6.843412
6.842119
6.84083
6.839972
6.838686
6.837831
6.83655
6.835698
6.834422
6.833572
6.8323
6.831454
6.830187
6.828923
6.828081
6.826821
6.825982
6.824727
6.823891
6.822639
6.821807
6.82056
6.819315
6.818488
6.817248
6.816423
6.815187
6.814365
6.813134
6.812315
6.811088
6.810271
6.809049
6.807828
6.807017
6.805801
6.804993
6.803781
6.802975
6.801768
6.800563
6.799762
6.798561
6.797762
6.796566
6.795771
6.794579
6.793786
6.792598
6.791413
6.790624
6.789443
6.788657
6.787481
6.786697
6.785524
6.784744
6.783576
6.78241
6.781633
6.780472
6.779699
6.778541
6.777771
6.776617
6.775849
6.774699
6.773552
6.772788
6.771645
6.770885
6.769745
6.768987
6.767852
6.767097
6.765966
6.765213
6.764086
6.762961
6.762213
6.761092
6.760345
6.759229
6.758486
6.757373
6.756632
6.755524
6.754417
6.753681
6.752578
6.751844
6.750745
6.750014
6.748919
6.74819
6.7471
6.746374
6.745286
6.744202
6.743479
6.742399
6.741679
6.740602
6.739885
6.738811
