29
534
1035
1590
2147
2648
3150
3651
4153
4654
5155
5656
6160
6660
7162
7663
8164
8665
9166
9667
10167
10668
11170
11670
12172
12673
13174
13675
14176
14678
15179
15680
16180
16683
17184
17686
18187
18688
19189
19690
20191
20692
21194
21694
22198
22700
23201
23703
24205
24706
25208
25709
26210
26711
27213
27717
28218
28720
29224
29725
30226
30728
31229
31730
32231
32732
33234
33735
34237
34737
35240
35740
36241
36742
37244
37748
38249
38757
39258
39759
40260
40761
41262
41762
42267
42768
43269
43770
44278
44779
45280
45781
46283
46784
47285
47787
48288
48789
49290
49791
50294
50795
51296
51797
52299
52800
53302
53803
54304
54808
55309
55810
56312
56814
57315
57817
58323
58825
59329
59832
60333
60834
61336
61839
62339
62841
63343
63844
64346
64847
65359
65860
66361
66862
67363
67865
68366
68882
69384
69885
70389
70890
71392
71893
72394
72895
73396
73898
74399
74902
75403
75909
76410
76912
77412
77913
78415
78915
79425
79925
80426
80928
81429
81931
82431
82948
83449
83950
84451
84952
85454
85955
86477
86978
87479
87982
88483
88985
89486
89991
90494
90996
91499
92000
92501
93002
93502
94004
94505
95009
95509
96011
96511
97015
97516
98018
98520
99021
99523
100023
100529
101031
101532
102034
102535
103036
103537
104038
104539
105057
105558
106060
106560
107062
107563
108064
108566
109067
109569
110069
110570
111071
111573
112075
112576
113077
113578
114104
114608
115110
115611
116113
116614
117115
117617
118117
118619
119120
119622
120123
120624
121125
121627
122129
122629
123131
123632
124133
124634
125135
125636
126137
126638
127139
127641
128142
128644
129144
129655
130156
130658
131179
131680
132182
132683
133184
133685
134186
134689
135190
135693
136194
136695
137196
137712
138214
138714
139216
139717
140218
140719
141220
141721
142238
142739
143240
143741
144243
144744
145245
145747
146248
146754
147255
147756
148258
148759
149261
149762
150264
150765
151267
151768
152275
152776
153278
153779
154280
154783
155284
155786
156287
156801
157301
157802
158303
158805
159307
159808
160309
160810
161312
161814
162315
162816
163318
163820
164321
164822
165324
165848
166349
166851
167352
167853
168357
168859
169360
169861
170362
170864
171366
171869
172369
172872
173373
173874
174375
174877
175377
175893
176394
176895
177397
177897
178399
178900
179401
179902
180403
180905
181406
181907
182409
182910
183411
183913
184414
184917
185418
185919
186420
186921
187422
187922
188424
188925
189426
189927
190429
190930
191431
191932
192434
192935
193436
193938
194439
194942
195443
195944
196446
196946
197449
197950
198452
198953
199454
199955
200464
200964
201465
201966
202472
202973
203475
203981
204482
204984
205485
205986
206489
206990
207491
207991
208492
208993
209498
209999
210500
211001
211502
212004
212506
213007
213508
214019
214519
215020
215522
216024
216525
217026
217528
218029
218532
219033
219535
220035
220545
221046
221547
222048
222550
223052
223553
224055
224556
225070
225574
226074
226575
227076
227578
228080
228582
229083
229592
230093
230594
231097
231597
232098
232600
233112
233613
234117
234620
235122
235622
236123
236626
237126
237628
238129
238632
239134
239636
240140
240641
241142
241643
242145
242645
243147
243648
244152
244653
245153
245655
246156
246657
247157
247659
248159
248663
249164
249664
250166
250672
251174
251675
252177
252677
253179
253681
254185
254685
255188
255689
256190
256692
257193
257694
258195
258713
259213
259714
260215
260717
261220
261721
262222
262723
263229
263730
264231
264732
265233
265736
266236
266738
267239
267753
268254
268755
269255
269757
270259
270760
271261
271763
272279
272780
273281
273782
274283
274785
275285
275786
276287
276792
277292
277793
278296
278797
279299
279800
280301
280802
281304
281805
282305
282807
283308
283810
284311
284813
285313
285815
286316
286817
287318
287819
288320
288821
289324
289825
290326
290827
291343
291844
292344
292845
293347
293848
294348
294851
295352
295853
296354
296862
297363
297864
298365
298867
299376
299877
