0
0
0
0
0
0
0
0
0
4.278166E-12
0.0001499854
0.02339448
0.1525747
0.05283043
0.1710409
0.1131836
0.2092077
0.174359
0.2123102
0.2133505
0.2349294
0.2733356
0.3021681
0.3126706
0.3217871
0.338267
0.3790514
0.4223929
0.4465305
0.4505388
0.4990552
0.4988797
0.5202867
0.569449
0.5525456
0.5696284
0.6127411
0.6398434
0.6565105
0.6762451
0.7024505
0.710502
0.743848
0.7674378
0.7978958
0.8220004
0.8450009
0.8670834
0.8713953
0.8909425
0.9106435
0.93946
0.9559134
0.9845983
1.005698
1.031332
1.060166
1.078778
1.096251
1.125276
1.144626
1.172385
1.190854
1.201228
1.210218
1.218945
1.228462
1.246269
1.275664
1.293706
1.312755
1.331529
1.350188
1.368769
1.38749
1.406546
1.434249
1.452952
1.481198
1.509112
1.537412
1.555983
1.584192
1.61231
1.630874
1.659069
1.68717
1.705799
1.733975
1.761937
1.780767
1.799435
1.818167
1.836933
1.865039
1.893074
1.911754
1.930532
1.949224
1.977299
1.996062
2.014737
2.033508
2.061577
2.089668
2.108341
2.127104
2.136453
2.164526
2.183266
2.211342
2.239423
2.267503
2.286235
2.314307
2.342402
2.361116
2.389206
2.417287
2.445371
2.464092
2.492173
2.520258
2.53898
2.56706
2.595147
2.623228
2.641951
2.670035
2.698117
2.716841
2.744923
2.773005
2.80109
2.819811
2.847895
2.875978
2.8947
2.922784
2.932144
2.950866
2.969588
2.997671
3.007033
3.025754
3.035115
3.053838
3.07256
3.091282
3.110004
3.128726
3.147448
3.16617
3.184892
3.203614
3.231698
3.25042
3.269142
3.297225
3.315947
3.34403
3.362752
3.390836
3.409557
3.437641
3.465724
3.484446
3.512529
3.540612
3.559334
3.587417
3.615501
3.634223
3.662306
3.690389
3.709111
3.737194
3.765277
3.783999
3.812082
3.840166
3.858888
3.886971
3.915054
3.933776
3.961859
3.989942
4.008665
4.036747
4.064831
4.083553
4.111636
4.139719
4.158441
4.186524
4.214607
4.23333
4.261413
4.289496
4.308218
4.336301
4.364385
4.383106
4.41119
4.429912
4.457994
4.476717
4.495439
4.523522
4.542244
4.570327
4.598411
4.617133
4.645216
4.663938
4.692021
4.710743
4.738826
4.757548
4.785631
4.804353
4.832437
4.851159
4.879242
4.907325
4.916686
4.944769
4.963491
4.982213
5.010297
5.03838
5.057102
5.085185
5.113268
5.13199
5.160073
5.188156
5.206879
5.234962
5.263045
5.281767
5.30985
5.337934
5.356655
5.384738
5.412822
5.431543
5.459627
5.48771
5.506432
5.534515
5.562598
5.581321
5.609404
5.628126
5.656209
5.674931
5.693653
5.721736
5.740458
5.768541
5.787263
5.805985
5.815347
5.834069
5.84343
5.852791
5.880874
5.899596
5.927679
5.946402
5.974484
5.993207
6.02129
6.040011
6.068095
6.086817
6.1149
6.133622
6.161705
6.180428
6.20851
6.227233
6.255316
6.283399
6.302121
6.330204
6.358287
6.37701
6.405092
6.433176
6.451898
6.479981
6.508064
6.526786
6.55487
6.582952
6.601675
6.629758
6.648479
6.676563
6.704646
6.723368
6.742091
6.760812
6.779534
6.798257
6.816978
6.835701
6.854423
6.873145
6.891867
6.910589
6.938672
6.957395
6.976116
6.994839
7.01356
7.032283
7.051005
7.069727
7.088449
7.107172
7.131212
7.048549
7.060588
7.08895
7.055013
7.031909
7.044411
7.082546
7.070192
7.087075
7.080889
7.077875
7.035536
7.084752
7.020528
7.105355
7.077489
7.069995
7.087185
7.031308
7.049604
7.051577
7.067454
7.054161
7.048175
7.04532
7.070461
7.065959
7.044355
7.052834
7.04901
7.05185
7.051244
7.04547
7.047036
7.049356
7.046738
7.048774
7.046447
7.036674
7.042205
7.039781
7.044104
7.041246
7.038307
7.039942
7.036539
7.036725
7.03772
7.03322
7.034521
7.032517
7.032333
7.03088
7.030597
7.029087
7.028088
7.026076
7.025642
7.025845
7.023927
7.023129
7.021532
7.021041
7.019969
7.019314
7.019498
7.018869
7.018365
7.017285
7.016033
7.014837
7.014367
7.012994
7.012348
7.011127
7.010267
7.009273
7.007961
7.00721
7.006139
7.005291
7.0043
7.003467
7.00237
7.001585
7.00049
6.999296
6.998554
6.997437
6.996702
6.995605
6.994796
6.993734
6.992941
6.991843
6.990712
6.990017
6.988891
6.988147
6.987043
6.986303
6.985215
6.984115
6.983387
6.982301
6.981562
6.980466
6.979743
6.978655
6.977932
6.976851
6.976134
6.975056
6.974339
6.973259
6.972189
6.971473
6.970407
6.969694
6.968627
6.967921
6.966858
6.966152
6.965093
6.964392
6.963335
6.962284
6.961583
6.960536
6.959838
6.958792
6.958098
6.957057
6.956364
6.955326
6.954636
6.953602
6.95257
6.951883
6.951198
6.950171
6.949489
6.948465
6.947784
6.947105
6.946086
6.945071
6.944394
6.943719
6.942708
6.942372
6.941364
6.940693
6.940022
6.93902
6.938018
6.937352
6.936355
6.935691
6.934696
6.934035
6.933044
6.932384
6.931397
6.93074
6.929756
6.929102
6.928122
6.927469
6.926492
6.925842
6.924868
6.92422
6.923251
6.922282
6.921638
6.920673
6.920032
6.91907
6.91843
6.917472
6.916835
6.91588
6.914927
6.914293
6.913343
6.912712
6.911766
6.911137
6.910193
6.909253
6.908627
6.90769
6.907065
6.906132
6.90551
6.904579
6.903959
6.903032
6.902106
6.90149
6.900568
6.899953
6.899035
6.898423
6.897507
6.896592
6.895985
6.895074
6.894467
6.893559
6.892955
6.892051
6.891148
6.890547
6.889648
6.88905
6.888153
6.887556
6.886663
6.885772
6.885179
6.884291
6.8837
6.882815
6.882225
6.881344
6.880756
6.879878
6.879001
6.878417
6.877542
6.876962
6.87609
6.875511
6.874643
6.873777
6.8732
6.872337
6.871763
6.870903
6.870331
6.869474
6.868904
6.86805
6.867198
6.866631
6.865781
6.865216
6.86437
6.863807
6.862964
6.862402
6.861562
6.860723
6.860166
6.85933
6.858774
6.857941
6.857387
6.856557
6.856005
6.855178
6.854353
6.853804
6.852982
6.852435
6.851616
6.85107
6.850254
6.849439
6.848897
6.848085
