9
512
1086
1601
2103
2604
3109
3610
4113
4613
5139
5641
6142
6648
7151
7651
8162
8664
9165
9670
10171
10672
11173
11681
12181
12683
13185
13686
14193
14694
15195
15697
16198
16722
17243
17745
18246
18768
19269
19770
20272
20786
21288
21789
22293
22795
23297
23811
24312
24894
25395
25896
26398
26899
27401
27903
28543
29044
29546
30046
30548
31065
31567
32068
32570
33071
33572
34079
34580
35081
35593
36096
36597
37099
37601
38103
38605
39105
39607
40107
40613
41116
41616
42118
42619
43120
43621
44131
44633
45137
45638
46139
46641
47142
47645
48145
48651
49152
49654
50155
50658
51159
51661
52162
52663
53164
53667
54169
54669
55171
55672
56172
56673
57176
57677
58178
58680
59181
59688
60189
60691
61192
61692
62194
62697
63197
63698
64200
64701
65202
65703
66204
66705
67206
67708
68208
68709
69210
69739
70251
70752
71252
71754
72269
72770
73271
73772
74277
74777
75292
75813
76314
76816
77316
77860
78363
78865
79365
79880
80381
80883
81385
81910
82413
82914
83415
83917
84417
84919
85419
85920
86422
86923
87424
87933
88434
88935
89436
89937
90438
90940
91442
91943
92450
92960
93461
93963
94464
94965
95465
95967
96468
96972
97473
97974
98478
98979
99480
99981
100482
100984
101485
101986
102486
102988
103489
103990
104492
104993
105495
105996
106498
106999
107500
108001
108503
109003
109504
110012
110512
111014
111514
112016
112517
113018
113520
114025
114526
115027
115527
116028
116529
117030
117531
118033
118533
119035
119537
120037
120539
121041
121542
122043
122545
123046
123548
124049
124550
125051
125553
126054
126555
127065
127567
128071
128573
129076
129577
130079
130587
131088
131589
132137
132639
133140
133643
134147
134648
135150
135665
136166
136667
137169
137670
138170
138672
139173
139674
140176
140704
141204
141706
142207
142709
143217
143718
144219
144730
145231
145732
146233
146734
147235
147737
148238
148739
149241
149744
150245
150746
151247
151750
152251
152752
153253
153754
154256
154758
155259
155762
156263
156765
157266
157771
158272
158773
159274
159775
160276
160777
161278
161780
162282
162785
163286
163787
164288
164790
165292
165794
166296
166797
167299
167799
168301
168802
169302
169804
170305
170807
171307
171809
172310
172812
173312
173813
174314
174816
175317
175818
176319
176820
177320
177822
178322
178823
179324
179826
180327
180829
181330
181833
182334
182847
183348
183858
184360
184861
185362
185863
186367
186868
187369
187871
188372
188873
189375
189878
190379
190881
191381
191884
192392
192893
193394
193896
194397
194898
195402
195904
196406
196907
197409
197910
198411
198912
199413
199915
200416
200917
201418
201921
202422
202923
203427
203929
204430
204931
205433
205934
206464
206965
207466
207968
208469
208970
209471
209973
210474
210975
211476
211977
212479
212979
213481
213982
214487
214988
215489
215991
216493
216994
217495
217996
218497
219000
219500
220003
220504
221006
221508
222010
222512
223013
223515
224015
224517
225018
225519
226024
226526
227027
227528
228030
228531
229033
229534
230035
230536
231037
231538
232045
232546
233048
233548
234055
234556
235058
235560
236061
236584
237085
237587
238088
238593
239131
239631
240135
240636
241144
241645
242147
242648
243149
243650
244151
244653
245153
245655
246156
246657
247158
247659
248159
248662
249162
249664
250165
250666
251167
251669
252170
252671
253172
253673
254178
254680
255181
255682
256184
256687
257187
257689
258190
258696
259197
259698
260200
260701
261209
261710
262212
262713
263214
263715
264216
264717
265218
265719
266219
266727
267228
267730
268231
268732
269234
269735
270252
270753
271254
271756
272257
272758
273259
273762
274263
274763
275265
275766
276267
276768
277270
277771
278272
278775
279276
279779
280280
280782
281283
281785
282287
282788
283291
283792
284294
284794
285295
285797
286304
286806
287306
287808
288309
288811
289312
289814
290315
290816
291317
291818
292319
292821
293339
293841
294342
294843
295345
295847
296348
296849
297350
297851
298352
298858
299360
299862
