29
543
1076
1617
2118
2620
3131
3631
4132
4653
5154
5663
6317
6818
7318
7825
8326
8828
9331
10006
10587
11193
11694
12200
12730
13232
13735
14307
14820
15370
15890
16394
16898
17444
17971
18472
19041
19544
20059
20598
21104
21606
22108
22609
23110
23656
24157
24677
25179
25679
26181
26682
27204
27743
28278
28797
29299
29802
30302
30808
31309
31810
32311
32812
33313
33814
34316
34817
35320
35820
36321
36822
37323
37827
38331
38831
39351
39852
40353
40863
41365
41867
42369
42871
43372
43873
44374
44877
45418
45920
46421
46923
47428
47930
48431
48931
49433
49958
50464
51014
51516
52018
52519
53021
53527
54028
54529
55030
55531
56033
56550
57051
57552
58053
58554
59056
59558
60060
60563
61064
61566
62068
62586
63087
63589
64090
64592
65092
65594
66095
66610
67112
67613
68114
68615
69116
69617
70118
70624
71125
71626
72127
72627
73129
73630
74130
74654
75159
75660
76161
76663
77165
77666
78177
78678
79179
79680
80181
80682
81183
81687
82190
82691
83199
83701
84202
84703
85206
85708
86212
86713
87215
87715
88217
88718
89219
89721
90222
90735
91237
91737
92239
92740
93241
93744
94245
94777
95279
95780
96281
96781
97282
97784
98289
98790
99292
99793
100295
100796
101298
101799
102300
102801
103313
103814
104314
104815
105316
105816
106317
106818
107320
107821
108322
108824
109328
109829
110330
110837
111339
111840
112347
112848
113350
113851
114352
114853
115355
115858
116445
116945
117470
117971
118471
118973
119475
119981
120481
120982
121483
121984
122485
122987
123512
124013
124514
125015
125517
126018
126519
127021
127523
128024
128533
129035
129536
130037
130538
131040
131550
132052
132557
133058
133560
134061
134562
135062
135563
136068
136569
137078
137579
138080
138581
139082
139583
140084
140585
141086
141595
142096
142598
143099
143601
144101
144603
145104
145607
146109
146610
147112
147613
148114
148615
149116
149617
150120
150621
151139
151651
152152
152653
153153
153654
154155
154660
155161
155666
156167
156669
157169
157670
158171
158675
159178
159679
160191
160692
161193
161695
162195
162696
163212
163714
164215
164734
165235
165736
166237
166738
167240
167752
168253
168761
169265
169769
170270
170770
171272
171773
172276
172780
173281
173797
174298
174799
175300
175801
176302
176803
177305
177808
178310
178815
179316
179817
180317
180818
181318
181820
182322
182837
183339
183840
184342
184843
185344
185846
186347
186849
187351
187852
188359
188876
189377
189879
190380
190881
191382
191883
192385
192887
193388
193889
194392
194893
195394
195895
196400
196902
197463
197964
198465
198966
199492
200037
200547
201047
201548
202049
202550
203051
203554
204056
204557
205060
205564
206065
206566
207068
207569
208070
208572
209074
209576
210079
210580
211083
211584
212085
212585
213086
213587
214088
214596
215098
215599
216100
216601
217103
217604
218106
218608
219109
219614
220116
220619
221120
221620
222121
222624
223125
223628
224130
224631
225140
225642
226144
226645
227149
227650
228151
228653
229154
229679
230179
230680
231182
231683
232184
232685
233187
233697
234199
234701
235202
235704
236204
236706
237208
237712
238214
238715
239216
239717
240218
240720
241221
241724
242225
242726
243249
243751
244251
244752
245258
245761
246262
246766
247267
247769
248295
248797
249299
249800
250302
250802
251313
251814
252316
252832
253333
253834
254335
254836
255337
255840
256341
256842
257344
257851
258353
258854
259355
259857
260360
260861
261367
261869
262369
262875
263375
263877
264379
264896
265422
265927
266431
266932
267433
267934
268448
268961
269582
270085
270587
271087
271588
272090
272611
273112
273614
274178
274680
275181
275683
276192
276693
277194
277694
278195
278697
279198
279699
280200
280701
281203
281705
282205
282706
283207
283708
284209
284712
285214
285715
286217
286718
287218
287719
288220
288721
289222
289726
290227
290748
291249
291750
292251
292752
293253
293755
294257
294761
295275
295775
296276
296777
297278
297779
298280
298782
299284
299785
