13
515
1018
1520
2023
2528
3029
3531
4032
4533
5034
5534
6035
6536
7038
7539
8040
8542
9043
9543
10049
10551
11052
11553
12055
12556
13058
13559
14061
14562
15064
15565
16066
16567
17074
17576
18077
18578
19080
19581
20081
20583
21084
21584
22086
22587
23088
23589
24090
24591
25091
25593
26094
26596
27104
27608
28109
28610
29112
29613
30114
30615
31120
31621
32122
32625
33126
33627
34132
34640
35141
35641
36143
36645
37147
37649
38150
38652
39153
39654
40155
40656
41158
41659
42160
42664
43165
43666
44167
44669
45170
45672
46173
46675
47175
47694
48196
48697
49200
49701
50203
50703
51204
51705
52206
52708
53209
53709
54211
54712
55214
55715
56216
56717
57218
57719
58328
58829
59401
59922
60423
60925
61426
61927
62429
62933
63434
63935
64438
64939
65440
65945
66447
66947
67448
67950
68451
68952
69452
69953
70454
70958
71460
71961
72463
72964
73464
73966
74468
74969
75475
75976
76477
76978
77485
77986
78488
78990
79492
79993
80494
80995
81496
81997
82498
82999
83500
84003
84504
85005
85505
86007
86508
87011
87511
88012
88514
89016
89518
90019
90520
91020
91521
92022
92524
93034
93536
94037
94538
95040
95541
96042
96543
97044
97545
98047
98547
99049
99550
100050
100552
101054
101555
102056
102557
103063
103564
104065
104566
105067
105569
106070
106571
107073
107574
108075
108576
109091
109593
110095
110597
111098
111611
112111
112612
113113
113615
114133
114633
115135
115638
116140
116641
117142
117643
118144
118646
119147
119649
120150
120651
121152
121654
122156
122656
123157
123658
124159
124672
125174
125675
126177
126679
127180
127682
128184
128685
129186
129687
130188
130689
131191
131692
132193
132705
133207
133708
134210
134712
135214
135721
136222
136723
137228
137729
138230
138731
139232
139733
140234
140740
141241
141742
142245
142746
143248
143749
144250
144751
145253
145754
146255
146756
147259
147761
148262
148763
149263
149764
150265
150766
151275
151776
152278
152780
153281
153782
154283
154784
155285
155788
156289
156790
157291
157792
158294
158796
159297
159797
160298
160800
161301
161802
162303
162805
163307
163807
164308
164810
165310
165811
166313
166814
167314
167815
168318
168819
169324
169825
170326
170827
171328
171829
172330
172831
173331
173833
174334
174835
175341
175845
176346
176847
177348
177849
178373
178875
179376
179878
180379
180879
181381
181889
182390
182892
183394
183895
184396
184897
185398
185899
186400
186901
187402
187904
188405
188906
189407
189908
190409
190922
191424
191925
192425
192927
193428
193929
194431
194932
195434
195944
196445
196946
197449
197949
198451
198952
199453
199954
200456
200956
201458
201959
202461
202962
203463
203964
204465
204967
205468
205969
206490
206991
207492
207994
208495
208997
209497
210000
210501
211002
211503
212004
212505
213006
213508
214010
214511
215012
215513
216014
216515
217016
217518
218019
218519
219023
219525
220026
220527
221029
221540
222041
222550
223050
223552
224054
224555
225056
225560
226062
226563
227073
227575
228075
228577
229078
229579
230080
230582
231083
231584
232086
232587
233089
233591
234092
234593
235095
235596
236097
236616
237117
237617
238119
238622
239123
239635
240136
240638
241138
241643
242145
242646
243147
243648
244149
244651
245151
245652
246153
246657
247158
247670
248171
248672
249173
249675
250176
250677
251180
251681
252182
252683
253185
253686
254191
254693
255193
255694
256195
256697
257203
257705
258206
258707
259209
259710
260211
260713
261214
261714
262216
262717
263218
263724
264225
264725
265227
265728
266229
266729
267231
267733
268235
268736
269237
269743
270244
270745
271247
271747
272248
272749
273250
273751
274252
274753
275254
275755
276257
276758
277259
277760
278263
278764
279265
279767
280268
280770
281271
281772
282273
282774
283275
283775
284277
284779
285279
285781
286282
286783
287286
287786
288288
288789
289290
289791
290292
290792
291294
291795
292296
292797
293298
293800
294301
294814
295315
295815
296317
296820
297323
297824
298326
298827
299328
299830
