14
561
1065
1574
2082
2706
3211
3730
4247
4764
5266
5779
6281
6782
7286
7788
8289
8791
9291
9793
10294
10802
11303
11803
12304
12804
13305
13806
14311
14813
15313
15815
16316
16817
17318
17827
18329
18831
19333
19833
20334
20835
21338
21840
22341
22843
23344
23847
24348
24849
25350
25858
26359
26860
27361
27883
28385
28886
29395
29895
30397
30898
31399
31900
32401
32902
33422
33923
34423
34925
35426
36019
36520
37021
37522
38037
38540
39042
39543
40043
40608
41111
41612
42113
42615
43117
43617
44118
44619
45121
45623
46124
46633
47134
47635
48136
48637
49139
49641
50144
50644
51147
51648
52149
52652
53154
53655
54156
54657
55159
55660
56162
56663
57165
57666
58168
58670
59171
59717
60218
60719
61219
61720
62232
62734
63235
63737
64238
64746
65247
65749
66251
66752
67253
67755
68259
68762
69264
69766
70267
70769
71270
71772
72274
72776
73278
73779
74281
74782
75283
75785
76286
76787
77288
77789
78291
78792
79294
79795
80297
80798
81299
81800
82301
82803
83305
83816
84317
84819
85320
85822
86324
86826
87327
87828
88329
88830
89332
89832
90334
90836
91338
91839
92340
92841
93342
93843
94345
94845
95347
95847
96349
96888
97389
97890
98392
98893
99410
99911
100412
100919
101421
101922
102515
103029
103536
104037
104539
105040
105541
106043
106544
107046
107547
108048
108549
109051
109552
110053
110556
111056
111557
112059
112583
113085
113588
114090
114591
115092
115600
116101
116602
117103
117604
118105
118606
119112
119613
120114
120618
121119
121620
122121
122622
123124
123625
124126
124627
125129
125630
126131
126633
127135
127636
128137
128639
129140
129641
130142
130644
131146
131647
132153
132655
133156
133657
134158
134658
135160
135662
136163
136665
137168
137669
138171
138673
139175
139676
140178
140680
141182
141684
142186
142689
143189
143691
144192
144694
145194
145695
146197
146700
147202
147703
148204
148705
149207
149707
150209
150711
151213
151715
152217
152718
153218
153720
154221
154722
155223
155724
156230
156731
157234
157734
158235
158737
159238
159741
160242
160743
161244
161746
162247
162748
163248
163750
164251
164753
165254
165755
166255
166757
167258
167762
168263
168764
169265
169767
170268
170769
171269
171771
172272
172773
173274
173777
174284
174785
175287
175788
176290
176793
177294
177795
178296
178797
179298
179799
180301
180802
181304
181805
182307
182808
183310
183811
184314
184815
185321
185822
186323
186832
187334
187837
188338
188840
189341
189847
190348
190849
191352
191853
192354
192856
193361
193862
194363
194866
195367
195869
196370
196871
197372
197873
198375
198876
199378
199879
200379
200880
201381
201882
202383
202885
203386
203905
204406
204907
205408
205909
206412
206913
207415
207916
208419
208921
209421
209923
210424
210926
211426
211927
212428
212947
213448
213950
214451
214952
215454
215954
216456
216957
217459
217960
218463
218964
219466
219967
220468
220970
221472
221973
222474
222976
223482
223983
224485
224987
225489
225997
226499
227004
227505
228006
228508
229010
229512
230013
230514
231015
231516
232017
232518
233020
233522
234022
234524
235024
235526
236027
236529
237031
237531
238033
238534
239037
239539
240039
240555
241055
241561
242064
242565
243067
243568
244106
244607
245109
245610
246111
246611
247114
247615
248117
248618
249119
249621
250135
250637
251138
251639
252140
252641
253142
253643
254144
254645
255157
255658
256159
256660
257161
257671
258172
258672
259175
259676
260177
260678
261179
261680
262182
262683
263185
263686
264186
264687
265189
265690
266192
266693
267194
267696
268198
268721
269222
269723
270224
270725
271227
271728
272229
272731
273233
273751
274253
274755
275256
275757
276260
276760
277265
277767
278268
278773
279274
279776
280276
280777
281279
281780
282282
282784
283285
283786
284287
284795
285295
285797
286297
286799
287300
287802
288303
288805
289307
289810
290310
290811
291313
291814
292315
292816
293317
293818
294319
294820
295321
295833
296334
296835
297336
297836
298338
298839
299341
299843
