6
509
1015
1518
2021
2522
3023
3525
4082
4584
5085
5590
6092
6594
7095
7596
8097
8598
9098
9600
10102
10602
11104
11605
12106
12607
13124
13626
14127
14628
15129
15633
16134
16636
17138
17639
18140
18641
19142
19644
20147
20649
21150
21651
22153
22654
23155
23658
24159
24661
25161
25663
26165
26665
27167
27667
28170
28670
29172
29673
30174
30677
31179
31682
32183
32684
33185
33687
34189
34690
35197
35699
36200
36702
37203
37705
38207
38708
39209
39711
40213
40713
41216
41717
42228
42729
43229
43732
44233
44735
45237
45738
46241
46742
47245
47747
48249
48750
49252
49754
50255
50756
51258
51760
52267
52768
53269
53771
54272
54773
55275
55776
56278
56780
57282
57783
58284
58785
59288
59790
60291
60792
61293
61795
62297
62798
63300
63801
64302
64803
65306
65808
66309
66811
67312
67814
68315
68815
69317
69819
70320
70821
71323
71824
72325
72827
73329
73830
74331
74834
75335
75837
76338
76839
77341
77842
78358
78859
79360
79861
80361
80864
81365
81866
82368
82869
83370
83871
84372
84872
85382
85884
86385
86887
87387
87889
88390
88891
89392
89894
90394
90896
91398
91899
92401
92902
93404
93906
94407
94909
95410
95927
96428
96929
97431
97932
98438
98940
99445
99946
100447
100948
101449
101951
102451
102952
103454
103955
104455
104957
105458
105959
106460
106962
107463
107964
108465
108967
109468
109970
110470
110972
111473
111979
112480
112981
113483
113984
114486
114987
115500
116000
116501
117002
117502
118005
118505
119011
119512
120020
120521
121023
121524
122025
122527
123029
123531
124032
124549
125050
125551
126052
126553
127055
127557
128059
128560
129062
129563
130064
130565
131066
131567
132067
132569
133070
133571
134072
134574
135074
135576
136077
136578
137081
137582
138085
138586
139087
139588
140090
140591
141092
141593
142096
142597
143099
143599
144100
144602
145104
145605
146106
146607
147109
147610
148113
148613
149115
149616
150117
150621
151122
151624
152125
152626
153127
153645
154146
154647
155148
155648
156150
156650
157152
157653
158154
158655
159164
159666
160166
160668
161169
161670
162170
162672
163173
163686
164187
164688
165190
165692
166194
166695
167197
167700
168205
168706
169207
169709
170210
170711
171213
171715
172219
172720
173221
173723
174224
174726
175227
175729
176231
176732
177234
177735
178248
178749
179250
179751
180252
180754
181256
181756
182259
182760
183262
183763
184266
184767
185268
185769
186270
186771
187272
187773
188274
188792
189294
189795
190296
190797
191299
191799
192300
192801
193305
193806
194307
194809
195310
195811
196313
196814
197315
197815
198317
198819
199321
199821
200323
200824
201335
201836
202337
202838
203340
203842
204343
204844
205345
205853
206353
206855
207356
207857
208359
208860
209361
209863
210365
210865
211367
211868
212369
212871
213372
213874
214374
214876
215377
215890
216391
216892
217394
217895
218396
218897
219405
219906
220406
220909
221411
221912
222413
222914
223416
223918
224419
224929
225433
225934
226436
226937
227439
227940
228441
228942
229444
229945
230446
230948
231449
231951
232452
232953
233454
233959
234459
234961
235462
235963
236465
236967
237467
237968
238482
238983
239483
239985
240486
240988
241489
241990
242491
242998
243499
244000
244501
245002
245509
246010
246512
247013
247516
248018
248519
249022
249524
250025
250526
251027
251528
252036
252536
253038
253539
254041
254541
255042
255545
256046
256548
257049
257550
258052
258553
259055
259557
260060
260561
261062
261563
262065
262566
263067
263568
264070
264570
265072
265574
266075
266577
267079
267581
268082
268584
269084
269585
270086
270590
271092
271593
272094
272595
273095
273599
274101
274601
275104
275605
276106
276608
277110
277611
278113
278615
279117
279617
280119
280621
281122
281626
282128
282629
283130
283631
284132
284634
285135
285637
286137
286639
287141
287642
288143
288644
289145
289646
290147
290649
291150
291652
292153
292654
293155
293656
294157
294658
295159
295660
296161
296663
297166
297668
298169
298672
299172
299677
