0
0
0
0
0
0
0
0
0
1.586672E-08
0.003788912
0.2428461
0.04342976
0.2280774
0.2965162
0.2789907
0.2519052
0.2844597
0.3300011
0.4029505
0.4168552
0.4290797
0.4509577
0.4872025
0.5632254
0.527437
0.600732
0.6297343
0.66521
0.6673828
0.7326328
0.7367378
0.7920914
0.8198222
0.85315
0.8898782
0.9140084
0.9473538
0.9918218
1.012787
1.048475
1.08422
1.111407
1.156128
1.173032
1.21421
1.235102
1.274565
1.302144
1.340951
1.375126
1.399822
1.438386
1.461686
1.500385
1.526185
1.563196
1.601655
1.625276
1.661709
1.688412
1.724959
1.750358
1.787614
1.825042
1.850004
1.887611
1.912349
1.950295
1.974947
2.012167
2.049899
2.074661
2.112272
2.137136
2.174515
2.19948
2.237148
2.274416
2.299518
2.336804
2.361819
2.399263
2.42424
2.461675
2.49923
2.524116
2.561545
2.586517
2.623915
2.648959
2.686333
2.711361
2.748786
2.786241
2.811138
2.848621
2.873593
2.911038
2.936006
2.973436
3.01089
3.035836
3.073275
3.098254
3.135703
3.160655
3.198107
3.223067
3.260511
3.297951
3.322915
3.360362
3.385324
3.422764
3.447733
3.485174
3.522619
3.547584
3.585026
3.609989
3.647433
3.672397
3.709839
3.734804
3.772247
3.809692
3.834653
3.872098
3.897062
3.934505
3.959468
3.996912
4.021875
4.059319
4.096764
4.121726
4.159171
4.184133
4.221577
4.24654
4.283985
4.308947
4.346392
4.383835
4.408798
4.446242
4.471205
4.508649
4.533612
4.571056
4.596019
4.633463
4.670907
4.69587
4.733315
4.758277
4.795722
4.820684
4.858129
4.883091
4.920536
4.945498
4.982943
5.020387
5.04535
5.082794
5.107756
5.145201
5.170164
5.207608
5.23257
5.270014
5.294977
5.332422
5.369866
5.394828
5.432272
5.457235
5.49468
5.519643
5.557086
5.582049
5.619493
5.656938
5.681901
5.719345
5.744308
5.781752
5.806715
5.844159
5.869122
5.906566
5.931529
5.968973
6.006417
6.03138
6.068824
6.093787
6.131231
6.156194
6.193638
6.218601
6.256045
6.281008
6.318452
6.355896
6.380859
6.418303
6.443266
6.48071
6.505673
6.543117
6.568079
6.605524
6.642968
6.667931
6.705375
6.730338
6.767782
6.792745
6.830189
6.855152
6.892596
6.917559
6.955003
6.992447
7.01741
7.054854
7.079817
7.117261
7.142224
7.179429
7.1749
7.129081
7.164664
7.071596
7.227253
7.195064
7.195363
7.202213
7.17721
7.165241
7.223963
7.217195
7.259658
7.237786
7.211088
7.256117
7.233997
7.24206
7.243599
7.282758
7.259608
7.29057
7.275652
7.290747
7.292852
7.298659
7.306036
7.314396
7.322629
7.327977
7.335521
7.333292
7.347669
7.350978
7.36109
7.367036
7.374337
7.376678
7.384574
7.390029
7.397728
7.403598
7.409895
7.416719
7.42234
7.427012
7.433963
7.439817
7.446858
7.454686
7.459476
7.466802
7.471683
7.478588
7.48332
7.490236
7.495388
7.502303
7.507753
7.51452
7.519206
7.52619
7.531219
7.53839
7.545701
7.550221
7.557403
7.561998
7.569095
7.573866
7.580893
7.58567
7.592612
7.597339
7.6043
7.609012
7.615928
7.622936
7.62755
7.634496
7.639153
7.646028
7.650673
7.657547
7.662127
7.668982
7.673602
7.680435
7.687285
7.691817
7.69864
7.703175
7.709965
7.714489
7.721267
7.725761
7.732504
7.736998
7.743721
7.748198
7.754902
7.759367
7.766049
7.772715
7.777152
7.783801
7.788221
7.794848
7.799256
7.805858
7.810255
7.816834
7.821214
7.827773
7.83214
7.838675
7.843028
7.849543
7.856047
7.860375
7.866857
7.871172
7.877632
7.881933
7.888372
7.892659
7.899076
7.903349
7.909746
7.914004
7.920382
7.924625
7.930981
7.935212
7.941546
7.945763
7.952077
7.95838
7.962574
7.966763
7.973037
7.979298
7.983465
7.989707
7.99386
8.00008
8.004221
8.010421
8.014547
8.020728
8.024841
8.031002
8.035102
8.041243
8.04737
8.051449
8.057557
8.061624
8.067712
8.071765
8.077833
8.081873
8.087922
8.091949
8.097979
8.101992
8.108002
8.114
8.117993
8.123973
8.127953
8.133913
8.13788
8.143821
8.147775
8.153697
8.157639
8.163541
8.167469
8.173353
8.179226
8.183134
8.188988
8.192883
8.198719
8.202602
8.208419
8.212289
8.218087
8.223873
8.227724
8.233492
8.237331
8.24308
8.246907
8.252638
8.256453
8.262165
8.265966
8.271662
8.275451
8.281127
8.286793
8.290564
8.29621
8.299969
8.305598
8.309344
8.314956
8.31869
8.324284
8.328007
8.333582
8.337294
8.342852
8.34655
8.352091
8.35762
8.3613
8.366813
8.370481
8.375976
8.379633
8.38511
8.388756
8.394215
8.397848
8.403291
8.406914
8.412338
8.415949
8.421357
8.424957
8.430347
8.435728
8.43931
8.444673
8.448243
8.453589
8.457148
8.462478
8.466025
8.471338
8.474874
8.48017
8.483695
8.488975
8.492489
8.497751
8.503004
8.5065
8.511736
8.515223
8.520442
8.523916
8.529119
8.532582
8.537769
8.541223
8.546392
8.549834
8.554989
8.558419
8.563558
8.566978
8.5721
8.577212
8.580615
8.585711
8.589104
8.594184
8.597566
8.60263
8.606001
8.61105
8.614409
8.619443
8.622792
8.62781
8.632817
8.63615
8.641142
8.644465
8.649442
8.652754
8.657715
8.661016
8.665962
8.669253
8.674184
8.677465
8.68238
8.687284
8.69055
8.69544
8.698694
8.703569
8.706815
8.711674
8.714909
8.719753
8.722978
8.727807
8.731022
8.735836
8.739041
8.74384
8.748631
8.75182
8.756596
8.759774
8.764535
8.767704
8.772449
8.775608
8.78034
8.783489
8.788206
8.791346
8.796047
8.800741
8.803864
8.808544
8.811658
8.816322
8.819427
8.824077
8.827171
8.831807
8.834892
8.839514
8.842589
8.847197
8.851794
8.854856
8.85944
8.862491
8.867061
8.870103
8.874659
8.877691
8.882233
8.885256
8.889784
8.892797
8.897312
8.900316
8.904816
8.909307
8.912297
8.916775
8.919756
8.924219
8.927192
8.931642
8.934604
8.93904
8.941994
8.946417
8.949361
8.953771
8.956705
8.961102
8.964027
8.96841
