0
0
0
0
0
0
0
0
0
0
2.97312E-06
0.003008503
0.1919102
0.03406317
0.1801113
0.2339427
0.1335882
0.1835861
0.2235712
0.2473559
0.2878131
0.3182457
0.3018457
0.3388109
0.355881
0.3847231
0.4090795
0.4165033
0.4776655
0.4972402
0.519107
0.526874
0.5651761
0.5994571
0.5997
0.6467041
0.6612728
0.6911253
0.7025741
0.734643
0.7479486
0.7664734
0.7934704
0.8078703
0.8277825
0.8560153
0.8672934
0.8895247
0.9172872
0.9378812
0.966702
0.9889696
1.006265
1.036462
1.058688
1.076999
1.105161
1.12631
1.154002
1.175358
1.194715
1.224666
1.243365
1.264503
1.283149
1.31191
1.332995
1.361846
1.3819
1.401657
1.431384
1.45079
1.470382
1.490255
1.519253
1.539743
1.559205
1.588589
1.608752
1.62808
1.657848
1.677239
1.697218
1.726608
1.746439
1.776018
1.795627
1.815445
1.844881
1.86463
1.884385
1.91391
1.933663
1.953292
1.98291
2.002589
2.022309
2.051865
2.071548
2.091319
2.111002
2.140584
2.160267
2.179975
2.209525
2.229234
2.258805
2.278497
2.308081
2.327778
2.357337
2.377055
2.396749
2.416466
2.436163
2.455879
2.475591
2.50515
2.524858
2.564265
2.59383
2.62339
2.662806
2.692369
2.731784
2.771197
2.80076
2.850027
2.879589
2.928856
2.968272
3.007688
3.047102
3.086517
3.106225
3.135786
3.185054
3.22447
3.273738
3.323007
3.342714
3.382129
3.421544
3.460959
3.49052
3.529935
3.579204
3.608765
3.64818
3.687595
3.717156
3.746717
3.786132
3.815694
3.845255
3.88467
3.924085
3.953646
3.993061
4.022622
4.07189
4.111305
4.160574
4.199989
4.22955
4.268965
4.30838
4.347795
4.38721
4.416771
4.456186
4.495601
4.535016
4.574431
4.603992
4.643407
4.682822
4.712383
4.741944
4.771505
4.810921
4.840482
4.860189
4.88975
4.909458
4.929165
4.958727
4.988288
5.007996
5.027703
5.057264
5.096679
5.136094
5.175509
5.20507
5.244485
5.2839
5.313461
5.352876
5.392291
5.421852
5.44156
5.471121
5.500682
5.52039
5.549951
5.569658
5.599219
5.618927
5.638635
5.668196
5.687903
5.717464
5.747025
5.766733
5.796294
5.816001
5.845563
5.865271
5.894832
5.914539
5.9441
5.963808
5.993369
6.013076
6.042637
6.072199
6.091906
6.121468
6.141175
6.170736
6.190444
6.220005
6.239712
6.269273
6.298835
6.318542
6.348104
6.367811
6.397372
6.417079
6.44664
6.466348
6.495909
6.515617
6.545177
6.564885
6.594446
6.624008
6.643715
6.673276
6.692984
6.722545
6.742253
6.771813
6.791521
6.821082
6.84079
6.870351
6.899912
6.91962
6.949181
6.968889
6.998449
7.018157
7.047718
7.067426
7.096987
7.116694
7.146017
7.070673
7.082733
7.066118
7.012437
7.094925
7.122824
7.099171
7.117113
7.084444
7.067389
7.11836
7.055826
7.141272
7.10515
7.080081
7.07091
7.090307
7.077984
7.087297
7.121365
7.090721
7.116617
7.094214
7.101796
7.098913
7.097247
7.099647
7.100553
7.098274
7.101745
7.103584
7.094728
7.101616
7.099168
7.10246
7.101306
7.103865
7.104755
7.104311
7.101046
7.103341
7.102671
7.103369
7.10325
7.10385
7.103671
7.103991
7.102859
7.103738
7.10482
7.10421
7.104811
7.103996
7.10458
7.104395
7.10482
7.104657
7.105395
7.105108
7.105272
7.105054
7.105516
7.105503
7.105884
7.10583
7.105963
7.105962
7.106191
7.106249
7.106357
7.1065
7.106571
7.106721
7.106764
7.106845
7.10704
7.107156
7.107273
7.107423
7.107443
7.107625
7.107658
7.107798
7.107903
7.108031
7.108136
7.108272
7.108335
7.108465
7.108546
7.108667
7.108781
7.10888
7.10899
7.109067
7.109191
7.109317
7.109398
7.109514
7.109638
7.109716
7.109839
7.109913
7.110038
7.110155
7.110238
7.110355
7.110476
7.110555
7.110672
7.110751
7.11087
7.110986
7.111066
7.111182
7.1113
7.111378
7.111494
7.111572
7.111688
7.111766
7.111843
7.111959
7.112036
7.112152
7.112267
7.112343
7.112458
7.112535
7.112649
7.112725
7.112839
7.112915
7.113029
7.113104
7.113218
7.11333
7.113405
7.113518
7.113593
7.113705
7.11378
7.113855
7.113892
7.113966
7.114041
7.114078
7.114152
7.114226
7.1143
7.114374
7.114448
7.114558
7.114632
7.114742
7.114815
7.114888
7.114997
7.11507
7.115143
7.115216
7.115325
7.115397
7.115469
7.115578
7.11565
7.115722
7.115794
7.115902
7.115973
7.116045
7.116117
7.116187
7.116294
7.116365
7.116472
7.116543
7.116613
7.116719
7.11679
7.116861
7.11693
7.117036
7.117106
7.117176
7.117281
7.117351
7.11742
7.117525
7.117594
7.117663
7.117767
7.117836
7.117939
7.118009
7.118077
7.11818
7.118215
7.118317
7.118385
7.118488
7.118556
7.118658
7.118726
7.118793
7.118861
7.118928
7.118962
7.11903
7.119131
7.119164
7.119265
7.119332
7.119399
7.119499
7.119565
7.119632
7.119732
7.119799
7.119865
7.119931
7.12003
7.120096
7.120195
7.120261
7.120326
7.120392
7.12049
7.120555
7.120621
7.120686
7.120783
7.120848
7.120913
7.120977
7.121075
7.121139
7.121203
7.121236
7.1213
7.121396
7.12146
7.121524
7.121588
7.121652
7.121716
7.121779
7.121843
7.121875
7.121938
7.121969
7.122033
7.122097
7.122159
7.122222
7.122316
7.122379
7.122442
7.122536
7.122599
7.122661
7.122724
7.122817
7.122879
7.12291
7.122972
7.123034
7.123096
7.123188
7.12325
7.123342
7.123404
7.123495
7.123556
7.123618
7.123709
