10
569
1070
1570
2110
2614
3115
3617
4118
4619
5122
5623
6124
6625
7125
7627
8132
8632
9134
9636
10137
10639
11158
11660
12161
12662
13163
13665
14167
14669
15170
15672
16173
16675
17175
17676
18177
18678
19180
19680
20181
20682
21183
21685
22187
22688
23189
23697
24197
24698
25199
25700
26201
26703
27205
27706
28207
28709
29210
29711
30213
30714
31224
31725
32227
32732
33233
33734
34236
34737
35237
35738
36241
36743
37245
37745
38246
38748
39249
39752
40272
40773
41273
41774
42275
42787
43296
43797
44299
44800
45302
45809
46309
46810
47312
47814
48316
48816
49317
49818
50319
50820
51321
51823
52324
52825
53326
53828
54328
54829
55356
55856
56357
56858
57359
57862
58373
58875
59379
59882
60384
60885
61393
61894
62395
62897
63399
63902
64405
64906
65407
65907
66409
66910
67411
67913
68413
68916
69417
69920
70421
70922
71423
71925
72427
72929
73429
73931
74434
74936
75437
75939
76440
76941
77443
77944
78447
78948
79449
79950
80458
80959
81460
81962
82462
82964
83466
83968
84471
84996
85497
86002
86504
87006
87507
88007
88509
89010
89518
90019
90520
91022
91522
92023
92524
93034
93535
94036
94539
95040
95541
96041
96552
97053
97554
98061
98562
99064
99565
100067
100568
101069
101574
102075
102576
103077
103578
104079
104581
105084
105585
106087
106588
107090
107592
108093
108594
109095
109596
110098
110602
111104
111607
112108
112609
113111
113613
114114
114616
115119
115620
116122
116623
117124
117626
118127
118629
119130
119633
120134
120637
121138
121639
122141
122641
123143
123645
124147
124647
125150
125651
126153
126654
127155
127657
128157
128660
129161
129663
130165
130682
131183
131685
132186
132687
133189
133691
134192
134694
135195
135697
136200
136701
137226
137732
138233
138735
139236
139737
140238
140761
141263
141764
142272
142773
143274
143774
144277
144778
145280
145781
146282
146783
147285
147787
148289
148792
149293
149795
150296
150799
151300
151801
152303
152804
153306
153807
154308
154810
155311
155813
156314
156816
157318
157819
158321
158822
159323
159829
160330
160841
161341
161842
162343
162844
163344
163846
164347
164848
165350
165851
166352
166853
167354
167856
168357
168880
169381
169883
170384
170885
171386
171886
172387
172888
173390
173892
174395
174896
175398
175900
176401
176902
177404
177906
178407
178909
179410
179928
180429
180930
181432
181932
182434
182935
183443
183944
184445
184946
185447
185950
186451
186952
187453
187956
188457
188958
189459
189960
190461
190962
191463
191964
192470
192971
193472
193975
194476
194977
195479
195981
196481
196982
197483
197986
198487
198988
199489
199990
200491
200993
201494
201995
202496
202997
203501
204001
204502
205003
205504
206005
206506
207012
207513
208014
208515
209024
209525
210025
210526
211028
211529
212030
212536
213036
213539
214042
214548
215049
215552
216053
216556
217057
217559
218060
218562
219064
219565
220066
220568
221075
221576
222078
222579
223080
223583
224084
224585
225086
225596
226096
226597
227098
227600
228101
228601
229105
229606
230108
230609
231111
231612
232113
232614
233126
233627
234128
234629
235131
235631
236133
236636
237137
237639
238139
238642
239143
239646
240147
240651
241152
241658
242159
242660
243162
243663
244166
244667
245169
245669
246171
246671
247172
247673
248174
248677
249178
249680
250181
250689
251190
251691
252192
252693
253194
253694
254196
254697
255200
255700
256201
256702
257204
257705
258207
258707
259209
259710
260211
260713
261214
261715
262216
262729
263230
263731
264233
264735
265237
265738
266240
266741
267242
267743
268244
268746
269247
269749
270251
270752
271253
271754
272256
272763
273264
273766
274268
274770
275271
275772
276274
276776
277280
277784
278284
278786
279287
279787
280290
280800
281300
281802
282303
282807
283308
283809
284310
284811
285313
285814
286316
286818
287319
287819
288321
288822
289347
289848
290349
290855
291356
291858
292359
292861
293362
293864
294364
294874
295376
295878
296379
296880
297383
297884
298386
298891
299393
299894
