0
0
0
0
0
0
0
0
0
0
1.340786E-08
0.003196007
0.1049719
0.0365029
0.1712098
0.249652
0.1423129
0.1957974
0.2395398
0.2638121
0.3089965
0.3736622
0.3415624
0.419552
0.3698685
0.4362924
0.4518741
0.5095148
0.5141959
0.5537312
0.5798367
0.6028363
0.6261767
0.6396299
0.6879897
0.7053281
0.7419431
0.7697053
0.788733
0.817539
0.8463469
0.870634
0.8959168
0.9250957
0.9487987
0.9784237
1.009795
1.031128
1.066525
1.083879
1.115726
1.140206
1.167819
1.20137
1.21999
1.253688
1.274334
1.306282
1.32623
1.358865
1.389617
1.41019
1.441972
1.463096
1.495074
1.516027
1.547482
1.579305
1.599993
1.631412
1.652648
1.684158
1.70528
1.736591
1.768344
1.789027
1.820793
1.841688
1.873448
1.894392
1.925872
1.946945
1.97834
2.009983
2.030945
2.062546
2.083484
2.115077
2.136067
2.16764
2.188628
2.220151
2.251708
2.272714
2.304257
2.32528
2.3568
2.377822
2.409365
2.440889
2.461926
2.493445
2.514465
2.545994
2.567026
2.598547
2.619577
2.651103
2.682643
2.703661
2.735188
2.756218
2.787744
2.808768
2.840299
2.871833
2.892852
2.924386
2.945404
2.976937
2.99796
3.029491
3.050514
3.082045
3.113575
3.134598
3.166129
3.18715
3.218683
3.239704
3.271236
3.292258
3.323789
3.355321
3.376343
3.407874
3.428896
3.460428
3.481449
3.512981
3.544513
3.565534
3.597066
3.618088
3.64962
3.670641
3.702173
3.723194
3.754726
3.786258
3.807279
3.838811
3.859833
3.891364
3.912386
3.943918
3.97545
3.996471
4.028003
4.049024
4.080556
4.101577
4.13311
4.15413
4.185663
4.206684
4.238216
4.269748
4.290769
4.322301
4.343322
4.374854
4.395875
4.427408
4.448429
4.479961
4.500982
4.532514
4.564046
4.585067
4.6166
4.63762
4.669152
4.690174
4.721705
4.742727
4.774259
4.79528
4.826812
4.858344
4.879365
4.910897
4.931919
4.963451
4.984472
5.016004
5.037025
5.068557
5.100089
5.121111
5.152642
5.173664
5.205195
5.226217
5.257749
5.27877
5.310302
5.331323
5.362855
5.394387
5.415409
5.44694
5.467962
5.499494
5.520515
5.552047
5.573068
5.6046
5.625622
5.657154
5.688686
5.709706
5.741239
5.76226
5.793792
5.814814
5.846345
5.867367
5.898898
5.93043
5.951452
5.982984
6.004005
6.035537
6.056559
6.08809
6.109111
6.140643
6.161665
6.193197
6.224729
6.24575
6.277282
6.298303
6.329835
6.350856
6.382389
6.40341
6.434942
6.455963
6.487494
6.519027
6.540048
6.57158
6.592602
6.624134
6.645154
6.676686
6.697708
6.718729
6.73975
6.771283
6.802814
6.823835
6.844857
6.886899
6.918431
6.960474
7.013027
7.05507
7.086602
7.118134
7.170448
7.096855
7.207094
7.109793
7.194814
7.156775
7.134965
7.143831
7.149215
7.141764
7.148597
7.106088
7.153316
7.155604
7.174729
7.16309
7.160625
7.163868
7.152591
7.165471
7.146756
7.173248
7.153665
7.165702
7.156524
7.169162
7.165506
7.176378
7.173203
7.177364
7.176179
7.175571
7.179511
7.177577
7.183558
7.182725
7.184146
7.189178
7.190527
7.188451
7.192538
7.194075
7.195539
7.197198
7.198982
7.200574
7.202139
7.202707
7.205033
7.207608
7.207561
7.210002
7.210906
7.213009
7.213969
7.216541
7.218451
7.219758
7.221167
7.222498
7.224535
7.225454
7.22753
7.228563
7.230446
7.231748
7.233669
7.234726
7.23666
7.238383
7.239656
7.241494
7.242692
7.244532
7.245698
7.247461
7.248726
7.250569
7.251727
7.253557
7.25474
7.256525
7.25771
7.259493
7.261285
7.262495
7.264246
7.265425
7.267194
7.268366
7.270134
7.271881
7.273071
7.274821
7.275987
7.27773
7.278904
7.280636
7.281799
7.283535
7.284685
7.286417
7.288143
7.289292
7.291012
7.292155
7.293868
7.295011
7.296719
7.297855
7.299559
7.300689
7.302387
7.303515
7.305207
7.306333
7.308018
7.309699
7.310818
7.312494
7.31361
7.31528
7.316392
7.318056
7.319164
7.320823
7.321927
7.32358
7.324681
7.326328
7.327425
7.329067
7.33016
7.331797
7.333429
7.334517
7.336144
7.337228
7.33885
7.33993
7.341547
7.342622
7.344234
7.345305
7.346911
7.34798
7.349581
7.351177
7.35224
7.353831
7.354891
7.356477
7.357533
7.359114
7.360166
7.361741
7.36279
7.36436
7.365405
7.36697
7.368532
7.369571
7.371127
7.372163
7.373714
7.374747
7.376292
7.377321
7.378862
7.379887
7.381423
7.382445
7.383975
7.385502
7.386518
7.388041
7.389053
7.39057
7.39158
7.393091
7.394097
7.395604
7.396607
7.398108
7.399107
7.400604
7.4016
7.403091
7.40458
7.40557
7.407053
7.408041
7.409519
7.410503
7.411976
7.412957
7.414425
7.415402
7.416866
7.41784
7.419298
7.420269
7.421722
7.423173
7.424139
7.425584
7.426546
7.427988
7.428946
7.430382
7.431338
7.432769
7.433722
7.435148
7.436097
7.437519
7.438465
7.439881
7.441296
7.442236
7.443645
7.444583
7.445988
7.446923
7.448322
7.449254
7.450648
7.452041
7.452967
7.454355
7.455278
7.456661
7.457581
7.458959
7.459877
7.46125
7.462164
7.463532
7.464444
7.465808
7.46717
7.468076
7.469433
7.470336
7.471688
7.472589
7.473936
7.474833
7.476177
7.47707
7.478409
7.4793
7.480635
7.481523
7.482852
7.484179
7.485063
7.486385
7.487266
7.488584
7.489461
7.490775
7.49165
7.492959
7.49383
7.495135
7.496004
7.497304
7.498602
7.499466
7.50076
7.501621
7.50291
7.503768
7.505054
7.505908
7.507189
7.508041
7.509318
7.510167
7.511439
7.512286
7.513554
7.514398
7.515661
7.516502
7.517762
7.5186
7.519855
7.521107
7.521941
7.52319
7.524021
7.525265
7.526093
7.527333
7.528158
7.529394
7.530217
7.531448
7.532268
7.533496
7.534721
7.535536
7.536757
7.53757
7.538787
7.539597
7.54081
7.541617
7.542827
7.543631
7.544836
7.545638
7.546839
7.548037
7.548834
