12
514
1016
1538
2039
2558
3060
3562
4065
4567
5077
5578
6092
6593
7094
7598
8099
8614
9120
9622
10124
10625
11139
11640
12141
12644
13145
13646
14147
14649
15150
15651
16154
16655
17157
17661
18162
18666
19189
19708
20257
20939
21566
22512
23082
23586
24114
24721
25383
26152
27187
28633
29213
29759
30287
30856
31495
32032
32533
33035
33539
34041
34542
35043
35544
36046
36547
37049
37554
38055
38556
39056
39558
40060
40561
41062
41564
42065
42566
43069
43577
44078
44581
45082
45582
46084
46585
47086
47593
48095
48596
49098
49600
50111
50614
51115
51616
52116
52618
53120
53621
54122
54623
55126
55627
56127
56629
57130
57632
58133
58634
59135
59637
60138
60639
61140
61640
62141
62646
63147
63656
64156
64657
65159
65661
66167
66668
67169
67670
68171
68672
69173
69676
70178
70679
71181
71682
72184
72685
73185
73686
74187
74689
75189
75690
76192
76694
77195
77696
78198
78711
79211
79712
80213
80715
81216
81718
82219
82720
83222
83722
84224
84727
85232
85733
86233
86734
87235
87735
88236
88737
89238
89753
90254
90755
91256
91757
92258
92760
93260
93762
94264
94765
95265
95767
96268
96769
97271
97772
98273
98774
99277
99779
100281
100781
101282
101783
102284
102785
103286
103789
104294
104795
105296
105797
106298
106801
107302
107803
108304
108805
109306
109808
110310
110811
111312
111814
112321
112823
113325
113826
114328
114830
115333
115839
116340
116841
117344
117846
118348
118849
119350
119852
120352
120855
121357
121858
122359
122860
123361
123863
124364
124866
125370
125871
126373
126875
127377
127888
128389
128889
129390
129890
130392
130894
131401
131902
132403
132905
133406
133907
134409
134909
135423
135924
136426
136927
137428
137929
138431
138932
139435
139938
140439
140940
141441
141942
142448
142951
143453
143955
144456
144957
145460
145960
146462
146963
147465
147966
148467
148968
149468
149969
150470
150971
151473
151975
152477
152989
153489
153992
154493
154994
155496
155998
156499
157001
157507
158007
158508
159011
159512
160015
160516
161023
161524
162026
162527
163029
163537
164038
164539
165040
165541
166042
166543
167044
167545
168047
168548
169049
169550
170051
170552
171054
171555
172055
172556
173059
173559
174072
174573
175075
175577
176080
176597
177098
177599
178100
178601
179102
179603
180104
180605
181108
181609
182110
182612
183113
183616
184128
184630
185130
185630
186132
186633
187149
187650
188152
188653
189154
189655
190157
190657
191158
191671
192173
192673
193174
193676
194176
194678
195180
195682
196183
196685
197186
197686
198188
198689
199191
199692
200195
200697
201198
201699
202200
202702
203203
203703
204205
204716
205217
205718
206218
206719
207221
207722
208223
208727
209229
209730
210230
210732
211233
211734
212236
212737
213238
213745
214245
214746
215248
215749
216250
216751
217252
217753
218254
218755
219256
219758
220260
220760
221262
221762
222264
222765
223266
223768
224270
224772
225273
225775
226277
226778
227279
227780
228281
228791
229293
229793
230294
230795
231296
231796
232298
232800
233301
233802
234303
234804
235305
235806
236307
236810
237311
237812
238314
238814
239316
239816
240319
240840
241341
241843
242344
242845
243346
243848
244351
244851
245353
245853
246355
246856
247357
247858
248360
248861
249362
249863
250364
250865
251366
251867
252368
252880
253382
253884
254386
254887
255389
255890
256391
256893
257394
257894
258397
258898
259400
259900
260402
260903
261405
261906
262408
262909
263410
263911
264413
264915
265417
265918
266419
266920
267421
267922
268423
268923
269424
269934
270437
270942
271456
271969
272471
272972
273474
273975
274475
274977
275478
275979
276480
276982
277483
277984
278485
278985
279486
279987
280488
280990
281493
281994
282495
282997
283499
284000
284501
285003
285504
286006
286517
287018
287518
288018
288520
289021
289523
290025
290527
291028
291529
292030
292531
293032
293540
294042
294543
295045
295546
296047
296549
297051
297555
298056
298557
299059
299560
