0
0
0
0
0
0
0
0
0
1.660754E-08
0.0002103422
0.1309436
0.0458573
0.2138328
0.3122151
0.2936108
0.2447092
0.2994415
0.3473301
0.3862262
0.4388475
0.4268852
0.5636476
0.4622687
0.5452849
0.5551301
0.6368997
0.6628273
0.7001711
0.702513
0.7711436
0.7754995
0.8337296
0.8629465
0.9214118
0.9366895
0.9794579
1.010556
1.04399
1.077101
1.119847
1.153682
1.185961
1.223008
1.250441
1.288882
1.333124
1.354806
1.394616
1.435934
1.459739
1.501674
1.538592
1.567074
1.606488
1.645447
1.671369
1.710794
1.749145
1.777251
1.815723
1.856365
1.894996
1.921075
1.960437
1.999954
2.025601
2.065773
2.105161
2.131562
2.170702
2.210392
2.236247
2.275955
2.302073
2.341773
2.367953
2.394099
2.420522
2.446738
2.486102
2.512442
2.538645
2.564977
2.591214
2.630745
2.65694
2.683159
2.709514
2.735748
2.761992
2.801485
2.827696
2.854041
2.880285
2.906563
2.932863
2.97224
2.998525
3.024812
3.051074
3.07737
3.103632
3.12991
3.156204
3.182456
3.221884
3.248146
3.274434
3.300717
3.340128
3.366406
3.392679
3.418949
3.445236
3.471504
3.510923
3.5372
3.563477
3.589754
3.616028
3.642307
3.681718
3.707997
3.734276
3.760548
3.786827
3.813106
3.852519
3.878796
3.905071
3.93135
3.957624
3.99704
4.023317
4.049593
4.07587
4.102148
4.128423
4.167838
4.194115
4.220391
4.246668
4.272944
4.286083
4.299222
4.31236
4.338636
4.378051
4.404327
4.443742
4.470019
4.509434
4.548849
4.575126
4.614541
4.640817
4.680232
4.706509
4.745924
4.785339
4.811615
4.85103
4.877307
4.916722
4.942998
4.982413
5.00869
5.048105
5.08752
5.113797
5.153212
5.179488
5.218904
5.24518
5.284595
5.310872
5.350286
5.389701
5.415978
5.455393
5.481669
5.521084
5.547361
5.586776
5.626191
5.652468
5.691882
5.718159
5.757574
5.783851
5.823265
5.86268
5.888958
5.928372
5.954649
5.994063
6.02034
6.059755
6.09917
6.125446
6.164862
6.191138
6.230554
6.25683
6.296245
6.322522
6.361937
6.401351
6.427628
6.467042
6.49332
6.532735
6.559011
6.598426
6.637841
6.664118
6.703532
6.729809
6.769224
6.795501
6.834916
6.861192
6.900607
6.926884
6.966299
6.992576
7.03199
7.058267
7.097682
7.123959
7.163373
7.189645
7.199274
7.079589
7.192172
7.16519
7.258063
7.172729
7.229274
7.239271
7.239118
7.204117
7.243505
7.25929
7.220538
7.283032
7.282851
7.304463
7.303025
7.293494
7.296892
7.337347
7.316002
7.348253
7.335144
7.35229
7.355431
7.365346
7.371682
7.381883
7.391338
7.398516
7.407279
7.40686
7.422464
7.427583
7.438914
7.446666
7.455775
7.459319
7.469016
7.475669
7.485166
7.492232
7.500317
7.508335
7.515738
7.521596
7.530324
7.540176
7.546177
7.555774
7.56174
7.57083
7.576885
7.585546
7.591448
7.600115
7.606433
7.615094
7.624232
7.630214
7.639155
7.644777
7.653989
7.659861
7.668898
7.674568
7.683469
7.692142
7.69802
7.706844
7.712669
7.721478
7.727231
7.735972
7.741751
7.750462
7.759091
7.7649
7.773497
7.77927
7.787879
7.793602
7.802181
7.807913
7.816453
7.82213
7.830673
7.839183
7.844868
7.853324
7.858983
7.867432
7.873059
7.881477
7.887104
7.895489
7.903879
7.909449
7.917807
7.923369
7.931691
7.937237
7.945535
7.953821
7.959328
7.96759
7.973085
7.981317
7.986794
7.994997
8.000456
8.008632
8.014074
8.022224
8.027649
8.035773
8.043881
8.049276
8.057358
8.062737
8.070793
8.076155
8.084184
8.089528
8.097532
8.105519
8.110836
8.118798
8.124098
8.132034
8.137317
8.145227
8.153123
8.158379
8.166248
8.171488
8.179332
8.184553
8.192373
8.197578
8.205373
8.210561
8.21833
8.226085
8.231247
8.238976
8.244122
8.251826
8.256955
8.264635
8.272301
8.277404
8.285045
8.290131
8.297748
8.302817
8.31041
8.315464
8.323032
8.32807
8.335613
8.340635
8.348156
8.355661
8.360658
8.36814
8.373119
8.380578
8.385543
8.392977
8.397925
8.405336
8.41027
8.417657
8.425031
8.429938
8.437289
8.442182
8.449509
8.454386
8.461689
8.466551
8.473831
8.481098
8.485935
8.493179
8.498001
8.505222
8.510029
8.517227
8.522018
8.529195
8.533971
8.541124
8.548264
8.553017
8.557762
8.564871
8.571966
8.576688
8.583761
8.588469
8.595519
8.600212
8.607241
8.611919
8.618925
8.625918
8.630573
8.637545
8.642185
8.649135
8.653761
8.660688
8.6653
8.672207
8.676804
8.683688
8.690559
8.695134
8.701984
8.706544
8.713373
8.717919
8.724727
8.729259
8.736045
8.740562
8.747328
8.751831
8.758575
8.765307
8.769789
8.7765
8.780967
8.787658
8.79211
8.79878
8.80322
8.809869
8.814295
8.820923
8.825335
8.831943
8.838538
8.842928
8.849504
8.85388
8.860435
8.864799
8.871333
8.875683
8.882197
8.886534
8.893028
8.897351
8.903826
8.910288
8.914589
8.921032
8.925321
8.931743
8.936018
8.942421
8.946684
8.953067
8.959438
8.963679
8.970031
8.974259
8.980592
8.984807
8.99112
8.995322
9.001616
9.005806
9.01208
9.016257
9.022512
9.026676
9.032912
9.039137
9.043281
9.049486
9.053617
9.059803
9.063922
9.07009
9.074196
9.080344
9.086483
9.090568
9.096687
9.10076
9.106861
9.110922
9.117003
9.121052
9.127115
9.133167
9.137196
9.14323
9.147246
9.153262
9.157267
9.163264
9.167255
9.173235
9.179203
9.183176
9.189127
9.193088
9.199019
9.202968
9.208881
9.212819
9.218715
9.22264
9.228518
9.232431
9.238292
9.244142
9.248036
9.253868
9.257751
9.263565
9.267436
9.273232
9.277092
9.282871
9.288641
9.29248
9.298233
9.302062
9.307796
9.311613
9.31733
9.321136
9.326836
9.33063
9.336313
9.340096
9.345762
9.351418
9.355182
9.360821
9.364574
9.370195
9.373938
9.379542
9.383273
9.388861
9.392581
9.398152
9.403713
9.407415
9.41296
9.416651
9.422178
9.425858
9.43137
9.435038
9.440533
9.444191
9.449669
