9
516
1035
1537
2113
2616
3117
3634
4135
4637
5148
5649
6150
6654
7156
7657
8158
8662
9162
9665
10166
10667
11168
11669
12170
12671
13174
13675
14177
14678
15180
15681
16183
16684
17185
17688
18190
18691
19192
19694
20195
20696
21197
21698
22199
22700
23206
23707
24208
24714
25216
25717
26227
26729
27229
27731
28233
28734
29243
29744
30245
30749
31250
31751
32253
32754
33255
33756
34258
34760
35262
35763
36264
36766
37267
37767
38269
38770
39272
39774
40276
40777
41279
41780
42281
42784
43285
43785
44288
44789
45299
45800
46302
46805
47306
47807
48317
48818
49319
49822
50323
50824
51327
51828
52331
52833
53334
53835
54337
54838
55339
55848
56349
56851
57351
57853
58354
58855
59363
59865
60366
60867
61368
61869
62386
62886
63388
63905
64406
64908
65423
65925
66426
66938
67440
67940
68458
68960
69461
69966
70468
70969
71472
71973
72473
72975
73476
73977
74482
74983
75483
75984
76485
76987
77489
77990
78492
78994
79495
79996
80498
81000
81501
82002
82505
83006
83507
84008
84509
85010
85512
86014
86515
87016
87516
88018
88519
89020
89521
90022
90525
91028
91528
92030
92531
93033
93547
94048
94549
95065
95566
96067
96578
97078
97579
98080
98581
99082
99583
100084
100585
101087
101587
102088
102589
103090
103593
104093
104595
105096
105596
106098
106600
107101
107602
108103
108604
109106
109607
110110
110612
111113
111614
112116
112617
113117
113618
114119
114620
115121
115622
116123
116624
117129
117630
118130
118632
119132
119633
120135
120636
121138
121639
122139
122641
123143
123646
124148
124649
125150
125653
126153
126658
127160
127662
128164
128665
129165
129666
130167
130672
131172
131679
132181
132682
133183
133685
134186
134690
135196
135696
136197
136698
137200
137702
138204
138706
139207
139708
140210
140711
141213
141716
142218
142728
143230
143731
144232
144733
145234
145735
146236
146738
147240
147742
148243
148744
149245
149746
150247
150749
151254
151755
152256
152757
153258
153759
154260
154763
155266
155770
156271
156823
157325
157828
158333
158835
159336
159838
160339
160841
161343
161845
162347
162848
163350
163851
164352
164865
165366
165867
166368
166869
167370
167871
168372
168873
169374
169875
170376
170877
171378
171879
172380
172898
173399
173900
174402
174903
175405
175908
176410
176918
177419
177920
178421
178923
179426
179929
180430
180931
181432
181933
182436
182937
183438
183939
184440
184942
185443
185944
186449
186950
187450
187952
188452
188953
189454
189955
190457
190958
191459
191961
192462
192963
193464
193965
194467
194968
195471
195972
196473
196982
197483
197983
198485
198986
199488
199989
200491
201002
201502
202003
202504
203005
203507
204008
204509
205014
205515
206016
206517
207018
207519
208021
208522
209023
209524
210025
210526
211027
211528
212030
212531
213032
213534
214035
214536
215037
215538
216039
216540
217049
217551
218051
218552
219053
219554
220055
220557
221057
221559
222059
222560
223066
223566
224068
224569
225070
225574
226075
226584
227085
227586
228087
228589
229090
229602
230103
230622
231123
231624
232134
232636
233136
233637
234138
234639
235141
235642
236147
236648
237148
237649
238150
238651
239152
239653
240155
240658
241159
241661
242162
242664
243164
243666
244167
244668
245170
245671
246172
246673
247174
247676
248177
248678
249178
249679
250180
250685
251186
251687
252188
252690
253192
253694
254195
254712
255213
255715
256217
256718
257219
257722
258224
258727
259230
259731
260232
260733
261234
261737
262238
262747
263248
263749
264254
264755
265256
265759
266260
266761
267263
267765
268266
268767
269268
269770
270272
270774
271276
271777
272278
272779
273280
273782
274283
274788
275290
275790
276293
276794
277295
277796
278297
278803
279306
279806
280308
280809
281310
281811
282312
282817
283319
283819
284321
284822
285322
285824
286326
286833
287334
287835
288336
288837
289337
289838
290340
290841
291342
291843
292345
292847
293348
293849
294350
294851
295352
295854
296354
296856
297358
297858
298368
298868
299369
299870
