0
0
0
0
0
0
0
0
0
0
2.93553E-06
0.002985203
0.1916537
0.0343654
0.180044
0.2341434
0.2202205
0.1988536
0.2245792
0.2605053
0.289672
0.3291255
0.3387245
0.4227297
0.3846016
0.4089734
0.4163606
0.4776741
0.4971304
0.5251381
0.5268838
0.5783672
0.58706
0.6253071
0.6466475
0.6449907
0.6612197
0.6910645
0.7118375
0.7345976
0.7478976
0.7829989
0.8078298
0.8559448
0.877411
0.900333
0.9260632
0.9585729
0.9889061
1.027995
1.076954
1.135557
1.16512
1.184502
1.20487
1.224616
1.253531
1.273914
1.293118
1.311863
1.332943
1.351827
1.37163
1.392279
1.411262
1.431336
1.450741
1.470332
1.49997
1.519205
1.539694
1.559156
1.578875
1.598676
1.618329
1.637878
1.667571
1.6872
1.706971
1.726559
1.756334
1.775969
1.795579
1.815396
1.835058
1.854671
1.874492
1.894143
1.923738
1.943415
1.963199
1.982861
2.00254
2.03214
2.051816
2.071499
2.09127
2.110954
2.130646
2.150368
2.170082
2.199651
2.219307
2.239058
2.258756
2.28831
2.308032
2.327729
2.347437
2.367158
2.386846
2.406564
2.426257
2.445977
2.465687
2.495241
2.514955
2.534659
2.554366
2.574075
2.603633
2.623341
2.643049
2.662757
2.68247
2.712025
2.731735
2.751441
2.771149
2.790855
2.810564
2.830271
2.859834
2.87954
2.899248
2.918954
2.938663
2.968223
2.98793
3.007639
3.027345
3.047053
3.066761
3.086468
3.116029
3.135737
3.155444
3.175152
3.194859
3.214567
3.244128
3.263836
3.283543
3.30325
3.322958
3.342665
3.362373
3.391934
3.411641
3.431349
3.451056
3.470764
3.490472
3.520032
3.53974
3.559448
3.579155
3.598863
3.61857
3.638277
3.657985
3.677692
3.6974
3.726961
3.746668
3.766376
3.786083
3.805791
3.825498
3.845206
3.864913
3.894475
3.914182
3.93389
3.953597
3.973304
4.002866
4.022573
4.042281
4.061988
4.081696
4.101403
4.12111
4.140818
4.170379
4.190086
4.209794
4.229502
4.249209
4.268916
4.288624
4.318185
4.337893
4.3576
4.377307
4.397015
4.416722
4.43643
4.465991
4.485699
4.505406
4.525114
4.544821
4.564528
4.584236
4.603943
4.623651
4.653212
4.672919
4.692627
4.712335
4.732042
4.75175
4.771457
4.801018
4.820725
4.840433
4.86014
4.879848
4.899555
4.929117
4.948824
4.968532
4.988239
5.007946
5.027654
5.047361
5.076923
5.09663
5.116338
5.136045
5.155752
5.17546
5.205021
5.224729
5.244436
5.264143
5.283851
5.313413
5.333119
5.352827
5.372534
5.392242
5.41195
5.431657
5.461218
5.480926
5.500633
5.520341
5.540048
5.559755
5.579463
5.59917
5.628732
5.648439
5.668147
5.687854
5.707561
5.727269
5.746977
5.766684
5.786391
5.815953
5.83566
5.855368
5.875075
5.894783
5.91449
5.934197
5.953905
5.983466
6.003174
6.022882
6.042588
6.062296
6.082004
6.101711
6.121418
6.15098
6.170687
6.190395
6.210102
6.22981
6.249517
6.269224
6.288932
6.30864
6.328347
6.357908
6.377615
6.397323
6.417031
6.436738
6.456446
6.476153
6.49586
6.515568
6.545129
6.564837
6.584544
6.604251
6.623959
6.643667
6.663374
6.692935
6.712642
6.73235
6.752058
6.771765
6.801326
6.821033
6.840741
6.860449
6.880156
6.899863
6.919571
6.939278
6.96884
6.988547
7.008255
7.027962
7.047669
7.067377
7.087085
7.11664
7.132316
7.05069
7.063601
7.093057
7.060063
7.143176
7.051865
7.090998
7.079623
7.097487
7.065065
7.047844
7.081002
7.086455
7.036285
7.122015
7.09512
7.088596
7.100473
7.093098
7.089459
7.058993
7.068109
7.102234
7.071574
7.097638
7.094092
7.073427
7.082858
7.079981
7.083754
7.08078
7.087658
7.088297
7.079538
7.083027
7.085634
7.08331
7.081575
7.082996
7.080612
7.08389
7.085356
7.086821
7.082449
7.08631
7.083499
7.084093
7.082776
7.0856
7.084362
7.08509
7.08562
7.085111
7.084987
7.085484
7.085899
7.08568
7.085742
7.085657
7.086462
7.086194
7.086294
7.086052
7.086643
7.086658
7.086508
7.086955
7.08734
7.087518
7.087202
7.087348
7.087362
7.087777
7.087574
7.087853
7.087876
7.088281
7.088174
7.088401
7.088513
7.088457
7.088589
7.088759
7.0889
7.089094
7.089128
7.089222
7.089361
7.089476
7.089637
7.089705
7.089824
7.089962
7.090027
7.090158
7.090301
7.090344
7.090561
7.090618
7.090729
7.090844
7.090933
7.091084
7.091166
7.091269
7.091396
7.091529
7.091647
7.091751
7.091837
7.091961
7.092056
7.092178
7.092323
7.092422
7.092529
7.092633
7.092741
7.092845
7.092943
7.09305
7.093154
7.093308
7.093411
7.093508
7.093616
7.093715
7.093818
7.093923
7.094025
7.094124
7.094229
7.094379
7.094481
7.094582
7.094683
7.094784
7.094935
7.095036
7.095136
7.095237
7.095336
7.095437
7.095536
7.095685
7.095786
7.095885
7.095984
7.096084
7.096182
7.096281
7.09638
7.096478
7.096626
7.096725
7.096823
7.09692
7.097018
7.097116
7.097214
7.097311
7.097408
7.097506
7.097651
7.097748
7.097845
7.097941
7.098038
7.098134
7.09823
7.098326
7.098422
7.098566
7.098661
7.098756
7.098852
7.098947
7.099042
7.099137
7.099232
7.099373
7.099468
7.099562
7.099657
7.099751
7.099845
7.099938
7.100079
7.100172
7.100266
7.100358
7.100452
7.100545
7.100637
7.10073
7.100823
7.100915
7.101007
7.101146
7.101238
7.10133
7.101421
7.101513
7.101605
7.101696
7.101788
7.101879
7.10197
7.10206
7.102196
7.102287
7.102377
7.102468
7.102558
7.102648
7.102738
7.102828
7.102918
7.103007
7.103096
7.103186
7.103319
7.103409
7.103498
7.103586
7.103674
7.103763
7.103851
7.103984
7.104072
7.10416
7.104248
7.104335
7.104423
7.104511
7.104598
7.104729
7.104816
7.104903
7.10499
7.105076
7.105163
7.105293
7.105379
7.105465
7.105551
7.105637
7.105723
7.105808
7.105894
7.106022
7.106108
7.106193
7.106277
7.106362
