5
566
1126
1674
2191
2787
3340
3879
4419
4940
5538
6273
6891
7492
8369
9008
9693
10228
10823
11398
11904
12427
12932
13481
13983
14490
14991
15493
15994
16513
17032
17533
18035
18537
19038
19539
20041
20543
21044
21546
22048
22549
23051
23552
24053
24554
25075
25576
26077
26579
27081
27583
28084
28586
29087
29588
30089
30591
31092
31595
32096
32598
33100
33605
34107
34607
35108
35610
36111
36612
37113
37614
38118
38619
39120
39629
40132
40632
41134
41635
42138
42639
43140
43642
44143
44644
45145
45645
46146
46648
47149
47650
48152
48652
49154
49655
50175
50676
51177
51679
52180
52690
53191
53692
54194
54695
55199
55701
56205
56707
57208
57709
58209
58710
59212
59713
60214
60716
61226
61729
62230
62730
63232
63735
64237
64739
65240
65742
66244
66745
67261
67765
68268
68769
69282
69784
70285
70786
71287
71789
72290
72791
73293
73794
74296
74797
75299
75800
76313
76814
77315
77817
78318
78819
79320
79822
80323
80825
81327
81828
82329
82831
83332
83833
84335
84837
85338
85839
86341
86842
87344
87846
88347
88848
89350
89851
90354
90855
91357
91859
92364
92865
93367
93868
94369
94871
95372
95874
96375
96876
97377
97880
98381
98882
99385
99886
100388
100889
101411
101912
102413
102915
103416
103918
104419
104920
105421
105923
106423
106925
107426
107927
108428
108929
109441
109942
110443
110944
111445
111946
112448
112949
113451
113952
114453
114955
115456
115958
116458
116961
117462
117966
118468
118969
119470
119971
120473
120974
121476
121977
122478
122982
123484
123987
124488
124990
125491
126006
126507
127009
127511
128012
128514
129015
129516
130018
130519
131019
131521
132022
132527
133028
133530
134033
134534
135035
135537
136038
136540
137041
137543
138044
138546
139047
139548
140050
140554
141056
141557
142059
142561
143061
143566
144068
144569
145072
145573
146074
146576
147081
147581
148082
148584
149085
149585
150086
150588
151089
151590
152091
152592
153093
153594
154096
154597
155100
155601
156103
156604
157112
157613
158113
158614
159115
159617
160117
160619
161120
161622
162123
162626
163127
163629
164131
164632
165133
165634
166135
166636
167147
167648
168150
168650
169151
169654
170154
170655
171157
171661
172162
172663
173165
173665
174166
174667
175169
175670
176172
176673
177174
177675
178176
178677
179178
179679
180180
180681
181183
181685
182186
182687
183189
183691
184192
184693
185195
185698
186199
186700
187201
187703
188204
188709
189211
189713
190213
190723
191224
191725
192226
192727
193234
193736
194237
194738
195240
195741
196242
196743
197245
197747
198248
198748
199250
199751
200252
200753
201254
201756
202258
202759
203260
203763
204264
204766
205267
205768
206269
206771
207271
207777
208279
208780
209282
209784
210286
210787
211288
211788
212290
212791
213293
213795
214301
214802
215303
215805
216307
216810
217311
217812
218314
218816
219317
219818
220319
220820
221322
221823
222326
222827
223329
223830
224331
224832
225333
225835
226336
226839
227343
227845
228346
228869
229370
229871
230373
230874
231376
231877
232379
232880
233396
233903
234404
234905
235406
235907
236409
236910
237410
237912
238413
238914
239415
239916
240418
240919
241423
241924
242425
242925
243429
243930
244433
244934
245439
245940
246446
246948
247449
247952
248453
248953
249454
249955
250457
250958
251460
251961
252462
252965
253467
253968
254469
254980
255481
255982
256483
256984
257486
257987
258490
258991
259493
259994
260495
260996
261498
262000
262501
263004
263506
264008
264509
265011
265512
266013
266515
267024
267525
268026
268527
269028
269529
270031
270534
271035
271535
272037
272542
273043
273544
274051
274552
275053
275554
276055
276556
277057
277558
278066
278567
279068
279570
280071
280572
281078
281579
282080
282583
283083
283584
284084
284585
285087
285590
286092
286593
287095
287596
288098
288599
289126
289627
290129
290630
291131
291633
292134
292634
293136
293656
294157
294658
295159
295661
296163
296664
297166
297667
298169
298670
299174
299675
