19
521
1025
1530
2031
2543
3044
3545
4047
4548
5049
5551
6053
6554
7064
7567
8068
8569
9070
9571
10072
10577
11079
11580
12082
12584
13084
13586
14088
14592
15093
15595
16096
16600
17101
17602
18128
18629
19133
19634
20150
20652
21152
21683
22183
22685
23186
23686
24187
24689
25203
25704
26205
26707
27257
27760
28261
28762
29265
29765
30330
30836
31348
31849
32350
32851
33364
33865
34367
34895
35395
35898
36398
36919
37420
37921
38439
38941
39442
39943
40446
40948
41449
41950
42452
42964
43466
43968
44480
45111
45640
46145
46647
47148
47648
48150
48654
49155
49660
50161
50680
51181
51686
52189
52693
53195
53695
54197
54699
55201
55702
56207
56708
57209
57726
58228
58729
59230
59779
60281
60782
61283
61785
62286
62787
63300
63802
64303
64804
65306
65807
66308
66811
67312
67813
68314
68815
69318
69818
70321
70822
71323
71824
72325
72827
73328
73829
74342
74848
75349
75851
76352
76853
77355
77858
78359
78861
79363
79863
80365
80866
81366
81868
82370
82873
83373
83882
84384
84885
85387
85936
86437
86945
87446
87948
88448
88950
89451
89952
90454
90955
91456
91957
92458
92959
93461
93962
94463
94964
95466
95968
96469
96970
97472
97972
98473
98974
99475
99976
100477
100978
101490
101991
102492
102994
103494
103996
104497
105004
105506
106007
106507
107008
107510
108011
108512
109013
109515
110016
110518
111019
111520
112022
112523
113029
113531
114032
114533
115034
115535
116036
116538
117039
117542
118044
118546
119047
119557
120059
120563
121064
121565
122067
122569
123070
123571
124072
124573
125074
125576
126077
126580
127081
127583
128084
128585
129086
129588
130089
130591
131092
131593
132095
132596
133098
133599
134100
134601
135102
135603
136104
136609
137110
137612
138112
138617
139118
139620
140121
140622
141123
141624
142126
142631
143132
143633
144138
144639
145140
145641
146142
146644
147145
147646
148147
148653
149154
149656
150156
150658
151159
151660
152162
152662
153164
153665
154179
154681
155182
155683
156185
156690
157191
157692
158194
158695
159219
159721
160222
160724
161226
161726
162228
162729
163230
163731
164232
164734
165235
165737
166238
166740
167241
167751
168252
168754
169255
169757
170258
170759
171260
171769
172270
172773
173274
173776
174278
174779
175283
175785
176290
176791
177294
177795
178297
178798
179298
179800
180301
180803
181304
181805
182306
182808
183310
183811
184313
184815
185316
185817
186319
186820
187321
187823
188325
188828
189329
189832
190333
190834
191336
191838
192338
192840
193341
193842
194343
194844
195347
195848
196350
196851
197353
197855
198356
198858
199359
199860
200361
200865
201366
201867
202369
202870
203373
203874
204376
204877
205384
205885
206386
206887
207388
207890
208391
208892
209393
209894
210395
210896
211398
211899
212401
212901
213413
213914
214420
214922
215424
215926
216427
216929
217429
217941
218442
218942
219443
219944
220446
220947
221448
221949
222458
222959
223461
223962
224464
224965
225466
225985
226486
226989
227490
227991
228492
228993
229497
229998
230499
230999
231500
232001
232502
233004
233505
234006
234507
235029
235529
236030
236532
237035
237536
238037
238539
239042
239544
240046
240548
241050
241552
242068
242601
243157
243705
244307
244908
245409
245917
246454
246955
247482
247983
248499
249031
249535
250036
250540
251040
251542
252043
252544
253046
253547
254052
254578
255079
255761
256299
256862
257431
258044
258663
259332
259877
260461
261111
261730
262336
262876
263440
264003
264595
265200
265710
266214
266715
267217
267721
268222
268726
269228
269730
270231
270749
271251
271752
272254
272756
273258
273958
274484
275053
275554
276061
276565
277173
277675
278178
278679
279180
279690
280193
280717
281219
281738
282412
282947
283456
284100
284732
285319
285825
286337
286844
287474
288083
288597
290185
290711
291212
291714
292294
292811
293339
293850
294354
294978
296317
296948
297721
298429
298978
299695
